id: 0
0 0 
id: 1
196 0 
id: 2
419 0 
id: 3
748 0 
id: 4
963 0 
id: 5
1211 0 
id: 6
1501 0 
id: 7
1646 0 1739 35 1734 38 1718 54 1708 59 
id: 8
1779 0 
id: 9
1914 0 
id: 10
2126 0 
id: 11
2412 0 
id: 12
2621 0 
id: 13
2780 0 
id: 14
3080 0 
id: 15
3221 0 
id: 16
3259 0 
id: 17
3512 0 
id: 18
3678 0 
id: 19
3869 0 
id: 20
4108 0 
id: 21
4374 0 
id: 22
4564 0 
id: 23
4609 0 
id: 24
4871 0 
id: 25
5095 0 
id: 26
5152 0 
id: 27
5360 0 
id: 28
5073 6 5091 45 5087 49 
id: 29
5458 15 5423 24 5422 32 
id: 30
5471 19 
id: 31
2250 20 
id: 32
4623 22 
id: 33
1764 22 1757 24 1768 27 1750 28 1793 28 1731 33 
id: 34
3512 26 
id: 35
1778 33 
id: 36
1900 33 1912 80 
id: 37
5024 34 4930 170 4954 178 4983 188 4947 214 4944 221 
id: 38
5048 34 
id: 39
1728 34 1731 35 1713 43 1692 57 1689 59 1692 65 1686 67 1693 68 1690 69 1693 70 1678 82 1677 88 1683 91 
id: 40
2980 35 
id: 41
5161 38 
id: 42
4875 39 
id: 43
5431 40 5429 41 
id: 44
2767 44 
id: 45
5036 45 5069 61 
id: 46
2376 48 
id: 47
1664 50 1706 65 1695 82 1701 152 
id: 48
2418 53 
id: 49
5627 54 
id: 50
1726 55 
id: 51
3663 55 
id: 52
5304 58 
id: 53
4362 60 
id: 54
5507 64 5535 120 
id: 55
2109 66 
id: 56
5031 66 
id: 57
1893 67 1876 69 1878 77 1878 83 1882 84 
id: 58
3698 72 
id: 59
3117 73 
id: 60
752 75 
id: 61
5083 75 
id: 62
2761 77 
id: 63
2015 79 
id: 64
959 80 
id: 65
3143 80 
id: 66
3885 80 
id: 67
1483 84 
id: 68
1473 87 
id: 69
3202 87 
id: 70
1208 90 
id: 71
4102 88 
id: 72
5036 92 
id: 73
3364 94 
id: 74
3512 94 
id: 75
432 97 
id: 76
1763 98 
id: 77
5068 101 
id: 78
3238 103 
id: 79
1852 105 
id: 80
4980 105 4940 110 
id: 81
3149 106 
id: 82
5558 108 
id: 83
1728 109 
id: 84
3125 111 
id: 85
4347 112 
id: 86
5552 111 
id: 87
3705 114 
id: 88
4539 117 
id: 89
5124 121 
id: 90
3091 124 
id: 91
4672 125 
id: 92
4929 127 
id: 93
4664 128 
id: 94
5004 129 4976 391 4973 397 4944 409 
id: 95
228 131 
id: 96
1764 136 1804 167 
id: 97
3276 140 
id: 98
1702 141 1690 149 1688 159 
id: 99
3218 141 
id: 100
5563 143 
id: 101
4761 144 4651 337 4783 426 
id: 102
3144 149 
id: 103
1735 157 
id: 104
3194 156 
id: 105
2082 159 
id: 106
1595 160 
id: 107
5094 161 
id: 108
5549 161 5561 206 
id: 109
5151 166 
id: 110
1675 164 1683 167 
id: 111
3294 173 
id: 112
3089 180 
id: 113
1759 183 
id: 114
1785 186 
id: 115
1707 187 
id: 116
3058 186 
id: 117
1810 190 1836 215 
id: 118
5160 193 
id: 119
3161 197 
id: 120
3265 197 
id: 121
4078 201 
id: 122
5546 201 
id: 123
5257 206 
id: 124
1906 207 
id: 125
3221 209 
id: 126
3962 209 
id: 127
2363 210 
id: 128
4145 210 
id: 129
5128 210 
id: 130
1795 213 
id: 131
5333 215 
id: 132
4646 215 4628 261 4621 262 
id: 133
5548 217 
id: 134
3316 218 
id: 135
1849 219 
id: 136
1717 220 
id: 137
0 227 
id: 138
5146 231 5164 244 5160 266 
id: 139
1837 234 
id: 140
3511 234 
id: 141
1808 236 
id: 142
3466 236 
id: 143
391 237 
id: 144
1485 238 
id: 145
3409 239 3357 287 
id: 146
3499 239 
id: 147
4632 241 
id: 148
3298 242 
id: 149
660 244 
id: 150
3265 244 
id: 151
1321 248 
id: 152
856 249 
id: 153
1699 249 
id: 154
1741 251 
id: 155
1063 252 
id: 156
2371 254 
id: 157
2909 254 
id: 158
3519 254 
id: 159
1753 255 
id: 160
3356 255 3359 298 
id: 161
1879 256 
id: 162
4514 258 
id: 163
2152 261 
id: 164
2527 263 
id: 165
3037 263 
id: 166
42 265 71 271 73 305 80 319 84 321 85 325 80 326 84 329 86 329 86 332 90 348 89 357 
id: 167
3487 265 
id: 168
3592 265 
id: 169
3684 265 
id: 170
3547 266 
id: 171
700 269 705 269 669 272 703 273 722 281 642 288 682 292 638 294 612 296 692 299 679 301 674 304 646 311 636 313 571 316 568 319 545 328 617 332 635 337 642 338 603 340 612 341 594 346 640 347 679 350 611 353 668 354 588 355 586 358 575 362 611 362 582 366 569 368 538 369 599 370 648 370 582 371 554 374 574 374 550 377 555 379 593 379 541 380 567 381 579 381 556 382 538 384 554 385 574 386 546 389 584 389 527 393 621 393 542 394 494 396 520 396 587 396 609 396 550 397 523 400 536 400 517 403 505 405 494 409 551 410 488 411 641 412 541 415 523 417 528 418 544 418 603 423 
id: 172
1897 269 
id: 173
1969 279 
id: 174
1709 285 
id: 175
5131 286 
id: 176
1800 288 
id: 177
1934 288 
id: 178
3528 288 
id: 179
1781 291 
id: 180
1734 292 
id: 181
3286 292 
id: 182
3491 292 
id: 183
1950 292 
id: 184
1896 296 
id: 185
3313 296 
id: 186
1849 298 
id: 187
1591 300 
id: 188
5410 295 5398 300 5418 312 5408 320 
id: 189
2900 301 
id: 190
3669 308 
id: 191
1048 309 
id: 192
3553 309 
id: 193
1880 312 
id: 194
4334 312 
id: 195
3333 314 
id: 196
4835 314 4650 327 
id: 197
1915 315 
id: 198
3545 316 
id: 199
1835 319 
id: 200
3511 323 
id: 201
3707 325 
id: 202
3286 326 
id: 203
1977 327 1985 337 
id: 204
3269 327 
id: 205
1695 328 
id: 206
1789 332 
id: 207
239 333 157 340 223 340 66 398 161 418 27 420 142 420 157 424 126 425 114 429 58 434 136 496 125 501 114 512 
id: 208
5085 334 
id: 209
5455 324 5450 333 5448 344 5434 364 5435 379 5419 384 5428 388 5415 391 5431 394 5415 397 5409 399 5423 402 5430 404 5419 421 5420 427 5410 463 5393 474 
id: 210
3316 338 
id: 211
5550 341 5617 354 5548 356 5571 357 5563 363 5614 371 5581 376 5599 376 5562 377 5580 381 5599 384 5599 397 
id: 212
1941 341 
id: 213
1715 345 
id: 214
5103 344 5029 517 
id: 215
1968 346 
id: 216
3366 346 
id: 217
4545 346 
id: 218
3240 348 
id: 219
5442 350 
id: 220
3343 354 
id: 221
3295 357 
id: 222
3513 358 
id: 223
3559 358 
id: 224
2051 360 
id: 225
478 361 457 363 476 374 445 377 408 378 394 382 438 382 430 383 437 388 398 393 
id: 226
2254 363 
id: 227
1760 364 
id: 228
3491 369 
id: 229
3368 370 
id: 230
3394 371 
id: 231
1851 373 
id: 232
3569 373 3583 376 
id: 233
3320 374 
id: 234
5198 375 
id: 235
3232 377 
id: 236
1907 378 
id: 237
3267 379 
id: 238
1715 380 
id: 239
1837 380 
id: 240
4983 383 
id: 241
1895 384 
id: 242
3388 385 
id: 243
4368 385 
id: 244
1783 386 
id: 245
3534 386 
id: 246
4997 386 5017 479 5012 481 5014 488 
id: 247
4762 386 4833 391 4854 470 
id: 248
2717 390 
id: 249
1988 391 
id: 250
3348 390 
id: 251
5051 393 
id: 252
2031 394 2042 412 
id: 253
3437 400 
id: 254
3373 401 
id: 255
3353 405 
id: 256
2485 407 
id: 257
3301 407 
id: 258
4309 407 4303 430 
id: 259
1939 408 
id: 260
3592 408 
id: 261
3259 409 
id: 262
1782 412 
id: 263
4856 412 4861 464 4877 469 
id: 264
5308 412 
id: 265
1816 414 
id: 266
3015 414 
id: 267
3206 414 
id: 268
3564 416 3558 436 3574 456 
id: 269
683 418 
id: 270
3790 420 
id: 271
1924 421 
id: 272
3247 421 
id: 273
3356 419 
id: 274
3365 420 
id: 275
3392 421 
id: 276
4899 421 4936 431 4933 437 4933 468 4936 469 
id: 277
1910 422 
id: 278
4121 423 
id: 279
470 424 
id: 280
196 425 
id: 281
1597 425 
id: 282
1192 426 
id: 283
1397 427 
id: 284
1596 426 
id: 285
1737 427 
id: 286
2137 429 
id: 287
3168 430 
id: 288
4051 430 
id: 289
3163 432 
id: 290
1892 433 
id: 291
3298 435 
id: 292
3373 434 
id: 293
3428 436 
id: 294
2888 437 
id: 295
4251 437 
id: 296
4719 437 
id: 297
3510 440 3499 451 3486 452 3482 459 
id: 298
2006 441 
id: 299
960 443 
id: 300
1913 443 
id: 301
3322 443 
id: 302
2029 444 
id: 303
5517 445 
id: 304
1705 446 
id: 305
1994 446 
id: 306
3204 448 
id: 307
3773 448 
id: 308
4673 448 
id: 309
2770 450 
id: 310
3258 453 
id: 311
3065 455 
id: 312
1794 458 
id: 313
1767 458 
id: 314
3106 461 
id: 315
3131 461 
id: 316
4509 460 
id: 317
4601 462 
id: 318
1904 463 
id: 319
3214 462 
id: 320
3376 463 
id: 321
3387 463 
id: 322
5310 461 5304 464 5338 477 5312 492 5327 494 5308 504 5289 505 5266 509 5262 511 5271 511 5269 514 5298 514 5250 520 5257 521 5251 525 5262 532 5236 537 5234 541 5219 564 
id: 323
2059 464 
id: 324
3021 465 
id: 325
5202 465 5210 468 5190 479 5149 480 5160 480 5165 488 5191 503 5164 511 
id: 326
3420 465 
id: 327
2516 467 
id: 328
3049 472 
id: 329
4456 476 
id: 330
4723 476 4706 481 4738 484 
id: 331
3248 477 
id: 332
4763 478 
id: 333
1943 479 
id: 334
2034 479 
id: 335
3338 480 
id: 336
3137 481 
id: 337
3116 481 
id: 338
4875 482 
id: 339
2096 486 
id: 340
4684 486 
id: 341
3066 487 
id: 342
3199 488 
id: 343
3368 489 
id: 344
3408 489 
id: 345
3306 491 
id: 346
3277 493 
id: 347
1710 494 
id: 348
2115 494 
id: 349
4754 494 4765 518 4802 519 4817 519 4831 522 4770 523 4794 528 4813 536 
id: 350
2018 497 
id: 351
2134 497 
id: 352
5613 497 5598 508 5586 517 5571 531 5573 549 
id: 353
3426 497 
id: 354
5113 498 4935 620 
id: 355
1749 499 
id: 356
3043 499 
id: 357
3249 499 
id: 358
4400 499 
id: 359
3125 501 
id: 360
5120 501 5116 557 
id: 361
2077 502 
id: 362
3178 502 
id: 363
5030 502 5045 513 
id: 364
3016 504 
id: 365
3316 504 
id: 366
121 505 
id: 367
4631 505 4669 511 4640 517 
id: 368
5127 505 
id: 369
1810 508 
id: 370
2382 508 
id: 371
4603 508 
id: 372
4620 508 
id: 373
4695 507 4674 510 4725 514 4730 514 4742 514 4748 515 
id: 374
1978 510 
id: 375
3290 510 
id: 376
4594 510 
id: 377
1888 512 
id: 378
3238 513 
id: 379
3966 513 
id: 380
4675 512 
id: 381
4999 513 
id: 382
1619 514 
id: 383
5090 514 
id: 384
4563 516 
id: 385
3213 517 
id: 386
1916 518 
id: 387
4847 518 4853 523 4851 531 
id: 388
2126 519 
id: 389
4537 519 
id: 390
3028 519 
id: 391
3117 520 
id: 392
1713 521 
id: 393
2164 521 
id: 394
1742 522 
id: 395
2210 522 
id: 396
3424 522 3422 547 3425 564 
id: 397
3393 522 
id: 398
2112 524 
id: 399
4524 524 
id: 400
4651 525 
id: 401
3010 526 
id: 402
3052 526 
id: 403
4494 526 
id: 404
4553 527 
id: 405
3378 528 
id: 406
3078 529 
id: 407
1812 530 
id: 408
1766 531 
id: 409
1821 531 
id: 410
4479 531 
id: 411
3394 530 
id: 412
4522 532 
id: 413
4526 535 
id: 414
4573 535 4605 539 
id: 415
4503 536 
id: 416
4980 536 
id: 417
3350 537 
id: 418
3133 538 
id: 419
2079 539 
id: 420
4465 539 
id: 421
4528 539 
id: 422
4900 540 4907 543 4910 547 4877 556 4880 556 
id: 423
3306 542 
id: 424
1949 544 
id: 425
3280 544 
id: 426
4483 544 
id: 427
5088 546 5102 564 5083 575 5093 615 
id: 428
1785 548 
id: 429
4079 548 
id: 430
5141 550 5192 574 5182 594 5179 595 5188 600 5161 603 5150 608 5143 625 
id: 431
2879 551 
id: 432
3020 550 
id: 433
4695 533 4689 537 4686 548 4687 550 4674 560 
id: 434
1711 552 
id: 435
1737 552 
id: 436
3187 554 
id: 437
3807 555 
id: 438
2011 556 
id: 439
3025 556 
id: 440
3215 556 
id: 441
3349 555 
id: 442
4438 556 4403 563 
id: 443
2536 557 
id: 444
3380 557 
id: 445
4456 557 
id: 446
3411 559 
id: 447
1811 560 
id: 448
3256 560 
id: 449
4720 560 4710 563 4716 564 4734 565 
id: 450
1760 561 
id: 451
3057 562 
id: 452
4335 562 
id: 453
2152 564 
id: 454
3271 564 
id: 455
1996 565 
id: 456
2081 567 
id: 457
3112 566 
id: 458
3159 567 
id: 459
3705 566 
id: 460
1761 568 
id: 461
1906 568 
id: 462
1788 569 
id: 463
3680 569 
id: 464
2185 569 
id: 465
3017 570 
id: 466
3305 572 
id: 467
2992 572 
id: 468
4708 573 4727 583 
id: 469
2055 574 
id: 470
3556 574 
id: 471
1287 575 
id: 472
1706 575 
id: 473
2122 576 
id: 474
103 577 119 577 74 589 86 589 128 589 115 590 122 599 111 603 67 615 54 622 65 632 
id: 475
3416 577 
id: 476
4429 580 
id: 477
5361 580 
id: 478
1725 581 
id: 479
3195 582 
id: 480
4595 584 4617 586 
id: 481
1088 585 
id: 482
3340 584 
id: 483
4880 585 
id: 484
1828 586 
id: 485
3389 587 
id: 486
1941 588 
id: 487
2979 588 
id: 488
3288 589 
id: 489
4672 588 
id: 490
4846 589 4797 597 
id: 491
3252 590 
id: 492
3426 590 
id: 493
4782 590 
id: 494
4803 590 
id: 495
1714 593 
id: 496
3348 593 3322 620 
id: 497
4400 593 
id: 498
4552 594 
id: 499
4580 595 
id: 500
5409 595 
id: 501
1681 596 
id: 502
4373 596 4367 605 4363 613 4352 622 4341 636 4342 642 4345 646 
id: 503
5628 596 
id: 504
3295 597 3304 611 
id: 505
4790 597 
id: 506
4914 597 
id: 507
4486 599 
id: 508
4656 599 
id: 509
4406 601 
id: 510
4468 601 4474 602 
id: 511
4533 601 
id: 512
4772 601 
id: 513
1729 603 
id: 514
1743 602 
id: 515
850 605 
id: 516
2023 606 
id: 517
3265 606 
id: 518
4438 607 4381 675 
id: 519
3304 607 3342 643 
id: 520
1529 608 
id: 521
3435 609 
id: 522
1773 611 
id: 523
2067 611 
id: 524
3257 610 
id: 525
4773 611 4748 618 
id: 526
4666 613 
id: 527
1648 614 
id: 528
1887 614 
id: 529
2176 614 
id: 530
3372 614 
id: 531
4871 614 4834 618 4831 631 4930 631 4911 633 4843 642 4851 645 4861 695 
id: 532
3408 615 
id: 533
4381 614 
id: 534
4692 615 4724 625 4728 625 4704 642 4710 644 
id: 535
2187 616 
id: 536
2252 618 
id: 537
3447 616 
id: 538
5544 618 5537 624 5559 626 5527 637 5514 651 5519 654 5504 664 5504 670 5505 678 5509 682 5501 699 5504 704 
id: 539
1696 618 
id: 540
5191 621 
id: 541
1722 622 
id: 542
4042 622 
id: 543
4796 623 4796 631 4799 637 4791 638 
id: 544
4621 624 
id: 545
2972 626 
id: 546
211 627 
id: 547
3267 627 
id: 548
1746 628 
id: 549
1988 628 
id: 550
4542 628 
id: 551
2093 629 
id: 552
3437 629 
id: 553
4403 629 
id: 554
1934 630 
id: 555
1667 631 
id: 556
3295 631 3309 643 
id: 557
2124 633 
id: 558
3460 632 
id: 559
3382 634 
id: 560
4436 635 4442 640 
id: 561
4367 637 
id: 562
4637 637 
id: 563
4898 638 
id: 564
4808 637 4827 648 4808 684 
id: 565
4267 640 
id: 566
1769 640 
id: 567
2860 641 
id: 568
3265 640 
id: 569
4511 643 4494 704 
id: 570
3341 645 3326 652 
id: 571
4385 645 4416 654 4420 656 4407 658 4404 660 4419 661 
id: 572
3470 646 
id: 573
587 648 
id: 574
1677 648 
id: 575
1698 648 
id: 576
3942 634 3941 649 3946 674 3940 681 3939 689 3947 691 3939 696 3948 700 3937 703 3947 708 3948 714 3938 725 3938 727 3949 731 3938 734 3944 739 3939 759 
id: 577
2698 650 
id: 578
2705 650 
id: 579
2908 650 2920 673 
id: 580
1858 651 
id: 581
4546 653 
id: 582
2977 654 
id: 583
3277 654 
id: 584
4331 655 4325 678 4310 683 
id: 585
4736 655 
id: 586
1637 656 
id: 587
1615 657 
id: 588
4375 657 4391 673 
id: 589
4741 657 4770 706 4782 713 
id: 590
2061 658 
id: 591
3360 657 
id: 592
4655 658 
id: 593
4432 658 4438 658 
id: 594
2201 659 2205 661 
id: 595
3462 660 
id: 596
2071 661 
id: 597
4351 661 
id: 598
2175 662 
id: 599
3453 663 
id: 600
3404 664 
id: 601
3488 664 
id: 602
4796 665 
id: 603
1363 666 
id: 604
4422 666 
id: 605
1704 667 
id: 606
1816 667 
id: 607
1916 667 
id: 608
2386 666 
id: 609
3283 667 
id: 610
4540 667 
id: 611
3478 670 
id: 612
4611 671 
id: 613
5457 670 
id: 614
2143 676 
id: 615
3342 675 
id: 616
4409 676 
id: 617
1619 677 
id: 618
3319 677 
id: 619
4361 677 
id: 620
4474 677 
id: 621
4561 677 
id: 622
3505 678 
id: 623
4646 681 4642 698 
id: 624
3771 682 
id: 625
1651 683 
id: 626
4373 685 
id: 627
4397 684 
id: 628
4422 685 4456 691 
id: 629
2216 686 
id: 630
1597 687 
id: 631
2546 687 
id: 632
4330 688 
id: 633
3376 689 
id: 634
3289 691 
id: 635
3460 692 
id: 636
3526 691 
id: 637
1609 693 
id: 638
3496 693 
id: 639
4598 694 
id: 640
5215 694 
id: 641
1640 696 
id: 642
4051 697 
id: 643
4799 697 
id: 644
2204 698 
id: 645
4683 697 
id: 646
4342 700 
id: 647
2941 701 
id: 648
2103 703 
id: 649
2989 704 
id: 650
4385 705 
id: 651
2240 705 
id: 652
2069 707 
id: 653
4413 706 
id: 654
3527 710 
id: 655
3637 710 
id: 656
4141 712 
id: 657
4306 712 
id: 658
5224 712 5202 734 5261 743 5135 757 5274 761 5177 762 5269 763 5059 766 5177 766 5101 767 5088 769 5139 769 5230 769 5090 771 5066 778 5094 778 5109 779 5070 784 5060 785 5174 786 5146 788 5168 788 5181 789 5074 798 
id: 659
3546 713 
id: 660
4215 713 
id: 661
1584 714 
id: 662
4646 714 
id: 663
3460 715 
id: 664
2135 717 
id: 665
2172 717 
id: 666
2900 718 
id: 667
4314 718 
id: 668
2686 719 
id: 669
2689 719 2738 732 
id: 670
2917 719 2914 720 
id: 671
4389 719 
id: 672
4621 721 4639 753 4633 760 
id: 673
1640 722 
id: 674
2931 722 
id: 675
2224 724 
id: 676
2074 725 
id: 677
4602 723 
id: 678
5437 725 5348 736 5451 744 5315 747 5484 747 5485 762 5478 764 5440 767 5431 776 5477 781 5477 787 5423 791 5393 794 5400 794 5459 796 5458 802 5317 808 5446 808 5397 812 5457 815 5403 828 5410 829 5453 829 5419 832 5338 833 5386 835 5443 885 
id: 679
2773 726 
id: 680
3485 727 
id: 681
4676 727 4694 740 4709 749 
id: 682
2236 728 
id: 683
4378 729 4371 730 
id: 684
1596 729 
id: 685
2780 730 
id: 686
2688 732 
id: 687
3952 733 
id: 688
3556 734 
id: 689
4762 735 
id: 690
2889 736 
id: 691
3357 736 
id: 692
3370 735 
id: 693
3396 737 
id: 694
4385 736 
id: 695
2654 739 
id: 696
2774 739 
id: 697
4062 741 
id: 698
1447 742 
id: 699
2904 742 
id: 700
4474 742 
id: 701
1592 743 
id: 702
2233 743 
id: 703
4068 743 
id: 704
3550 744 
id: 705
2195 745 
id: 706
2913 745 
id: 707
1566 746 
id: 708
2797 746 
id: 709
2821 746 
id: 710
4363 746 4369 749 4361 751 4340 771 4345 773 
id: 711
3441 749 
id: 712
4065 749 
id: 713
4775 748 
id: 714
2749 749 
id: 715
4375 750 4367 797 
id: 716
2845 751 
id: 717
3522 751 
id: 718
4394 751 
id: 719
2928 754 
id: 720
4270 755 4248 816 4252 829 
id: 721
3567 757 
id: 722
4710 757 
id: 723
1618 758 
id: 724
2830 758 
id: 725
3655 758 
id: 726
2846 759 
id: 727
2627 760 
id: 728
2079 761 
id: 729
4052 761 
id: 730
2037 762 
id: 731
2127 762 
id: 732
2227 762 
id: 733
2857 762 
id: 734
4074 762 
id: 735
2877 764 
id: 736
3338 765 
id: 737
3413 765 
id: 738
4702 765 
id: 739
2968 766 
id: 740
4751 765 
id: 741
4780 766 
id: 742
3383 767 
id: 743
3422 767 
id: 744
1548 768 
id: 745
3483 770 
id: 746
1650 771 
id: 747
4765 771 
id: 748
4905 770 4907 774 4998 780 4951 785 4962 804 4986 808 4999 808 
id: 749
3359 772 
id: 750
2258 773 
id: 751
4482 773 
id: 752
4736 774 4739 854 
id: 753
1848 775 
id: 754
2134 775 
id: 755
2771 775 
id: 756
2937 774 
id: 757
4013 776 
id: 758
4063 775 4050 791 4055 800 
id: 759
2807 777 
id: 760
5517 777 
id: 761
4632 772 4636 778 
id: 762
3467 779 
id: 763
2168 780 
id: 764
4022 780 
id: 765
4351 780 4338 805 4339 807 
id: 766
2724 781 
id: 767
2910 781 
id: 768
2802 783 
id: 769
3552 783 
id: 770
4334 783 
id: 771
1570 783 
id: 772
3322 784 
id: 773
3418 784 
id: 774
3588 784 
id: 775
4441 784 4429 809 
id: 776
3349 785 
id: 777
4004 785 
id: 778
2950 787 
id: 779
2835 788 
id: 780
4366 787 
id: 781
3428 789 
id: 782
1618 790 
id: 783
3374 791 
id: 784
4726 791 
id: 785
4028 793 
id: 786
4734 793 4731 798 4741 800 
id: 787
2111 794 2111 822 
id: 788
2599 794 
id: 789
3477 794 
id: 790
2699 796 
id: 791
3009 796 
id: 792
3491 796 
id: 793
3004 797 
id: 794
1562 798 
id: 795
3517 798 
id: 796
2663 799 
id: 797
2944 798 
id: 798
4864 799 
id: 799
2918 799 
id: 800
3485 800 
id: 801
3787 800 
id: 802
4467 799 
id: 803
1664 801 
id: 804
4012 801 
id: 805
1573 802 
id: 806
2903 802 
id: 807
2748 803 
id: 808
4771 800 4773 803 4766 804 4761 805 4756 808 4749 831 
id: 809
1918 804 
id: 810
2627 804 
id: 811
3564 804 
id: 812
3999 801 
id: 813
3534 805 
id: 814
2096 806 2104 848 
id: 815
3599 805 3607 816 
id: 816
4041 805 
id: 817
4658 805 4675 814 4675 830 4678 834 4679 840 
id: 818
3033 807 
id: 819
3943 807 
id: 820
4123 807 
id: 821
2672 809 
id: 822
3393 809 
id: 823
4201 808 
id: 824
3360 810 
id: 825
4344 810 4339 831 4337 842 4335 845 4341 845 
id: 826
3572 811 
id: 827
4009 811 
id: 828
4050 811 
id: 829
4066 810 
id: 830
1989 812 
id: 831
2010 812 
id: 832
2846 811 
id: 833
3448 812 
id: 834
4032 811 
id: 835
4469 812 
id: 836
4841 812 
id: 837
2775 813 
id: 838
3257 813 
id: 839
2742 813 
id: 840
4436 814 
id: 841
4709 814 4742 836 4710 842 4720 844 
id: 842
2034 815 2040 841 2050 851 
id: 843
4424 815 
id: 844
4000 816 
id: 845
3497 817 
id: 846
3504 817 
id: 847
4486 817 
id: 848
4673 817 
id: 849
5284 816 
id: 850
2816 820 
id: 851
3407 820 
id: 852
2905 820 
id: 853
2982 821 
id: 854
1394 821 1377 827 1395 831 1389 837 1406 846 1393 849 1409 853 
id: 855
1554 821 1563 822 
id: 856
2577 821 2554 826 2560 829 2556 833 2550 834 2564 835 
id: 857
3212 823 
id: 858
4354 823 
id: 859
2250 824 
id: 860
2662 824 
id: 861
2974 824 
id: 862
4042 824 
id: 863
2692 825 
id: 864
2769 825 
id: 865
3232 825 
id: 866
3989 825 
id: 867
4027 825 
id: 868
4762 825 
id: 869
4768 825 
id: 870
3432 826 
id: 871
1142 827 
id: 872
3462 827 
id: 873
2913 828 
id: 874
2936 828 
id: 875
3055 828 
id: 876
3999 828 
id: 877
4616 828 
id: 878
1609 828 
id: 879
2711 829 
id: 880
3405 829 
id: 881
2871 830 
id: 882
3028 829 
id: 883
3320 830 
id: 884
4035 830 
id: 885
1138 830 
id: 886
2011 830 1996 848 
id: 887
3349 831 
id: 888
2597 832 
id: 889
4487 832 
id: 890
1573 833 
id: 891
1860 833 
id: 892
3023 833 
id: 893
4048 833 
id: 894
3117 835 
id: 895
1380 835 1385 837 
id: 896
1890 836 
id: 897
2857 836 
id: 898
4507 837 
id: 899
3389 837 
id: 900
3413 838 
id: 901
4407 833 4403 839 4409 841 
id: 902
4466 839 
id: 903
2000 840 1996 847 2009 857 2030 867 2025 869 2021 875 
id: 904
2861 840 
id: 905
3140 839 
id: 906
3373 840 
id: 907
2624 840 
id: 908
2812 841 
id: 909
3601 841 
id: 910
3989 841 
id: 911
3995 841 
id: 912
4443 843 
id: 913
4580 842 
id: 914
2753 844 
id: 915
3621 844 3643 847 
id: 916
4014 844 
id: 917
4696 844 
id: 918
2434 845 
id: 919
2909 846 
id: 920
1990 846 
id: 921
2734 847 
id: 922
4035 847 
id: 923
4053 847 
id: 924
4410 847 
id: 925
3472 848 3430 900 
id: 926
4434 849 
id: 927
4736 849 4741 849 4731 852 4744 865 
id: 928
3025 850 
id: 929
3304 850 
id: 930
441 850 
id: 931
4008 851 
id: 932
1543 851 
id: 933
1565 852 
id: 934
2545 852 2545 872 
id: 935
3270 852 
id: 936
3398 852 
id: 937
3491 852 
id: 938
2972 853 
id: 939
3505 854 
id: 940
3778 854 
id: 941
2685 855 
id: 942
1644 856 
id: 943
3985 856 
id: 944
4345 855 
id: 945
2676 857 
id: 946
3078 857 
id: 947
3973 856 
id: 948
4048 857 
id: 949
2952 857 
id: 950
4460 858 
id: 951
4510 858 
id: 952
3436 859 
id: 953
4034 859 
id: 954
4259 860 4294 904 
id: 955
4360 860 
id: 956
4720 859 4709 860 4709 883 
id: 957
3493 861 
id: 958
4364 861 
id: 959
1647 862 
id: 960
2813 862 
id: 961
3317 862 
id: 962
3413 862 
id: 963
4001 862 
id: 964
2612 863 
id: 965
4157 863 
id: 966
2829 863 
id: 967
3045 863 
id: 968
5062 864 5072 877 5077 894 5080 944 5073 975 5015 1040 5010 1050 5012 1061 
id: 969
3001 864 
id: 970
4027 865 
id: 971
2586 866 
id: 972
916 867 
id: 973
2757 867 
id: 974
4683 867 4696 867 
id: 975
3545 869 
id: 976
2721 871 
id: 977
3346 871 
id: 978
4037 872 
id: 979
2727 873 
id: 980
3473 873 3480 873 3470 895 
id: 981
3509 873 
id: 982
2848 874 
id: 983
3457 874 
id: 984
4451 874 
id: 985
1599 875 
id: 986
3968 875 
id: 987
4052 875 
id: 988
4400 875 
id: 989
2878 876 
id: 990
4008 876 
id: 991
3524 877 
id: 992
4446 876 
id: 993
2808 877 
id: 994
2949 878 
id: 995
2683 879 
id: 996
3983 879 
id: 997
2542 880 
id: 998
3220 880 
id: 999
3380 880 
id: 1000
4685 880 
id: 1001
1681 881 
id: 1002
2673 881 
id: 1003
3406 881 
id: 1004
4498 880 
id: 1005
4031 882 
id: 1006
1995 883 2019 900 
id: 1007
2593 882 
id: 1008
3065 883 
id: 1009
3420 883 
id: 1010
3573 883 
id: 1011
4109 884 
id: 1012
2939 885 
id: 1013
3488 885 
id: 1014
4355 885 
id: 1015
4333 885 
id: 1016
4681 885 
id: 1017
674 887 
id: 1018
3307 888 
id: 1019
3962 887 
id: 1020
4012 888 
id: 1021
2417 889 2431 890 2438 893 2442 908 2420 917 2442 920 2409 921 2404 923 
id: 1022
2733 888 
id: 1023
3518 889 
id: 1024
1603 890 
id: 1025
3315 891 
id: 1026
3595 892 
id: 1027
3992 892 
id: 1028
1846 893 
id: 1029
2636 892 
id: 1030
3557 893 
id: 1031
4036 893 
id: 1032
2028 894 
id: 1033
4053 893 
id: 1034
1615 895 
id: 1035
4375 895 
id: 1036
1887 896 
id: 1037
4386 895 
id: 1038
4433 896 
id: 1039
1649 898 
id: 1040
2806 898 
id: 1041
3006 898 
id: 1042
3406 898 
id: 1043
5477 898 
id: 1044
2361 899 
id: 1045
2867 899 
id: 1046
2728 901 
id: 1047
3965 901 
id: 1048
4022 901 
id: 1049
4294 901 
id: 1050
2610 902 
id: 1051
3695 901 
id: 1052
3886 902 
id: 1053
3986 902 
id: 1054
4287 902 4284 903 
id: 1055
1595 902 1586 910 
id: 1056
3955 903 
id: 1057
4070 902 
id: 1058
4259 905 
id: 1059
4703 905 
id: 1060
194 906 
id: 1061
2913 906 
id: 1062
4051 906 
id: 1063
4450 906 
id: 1064
3342 907 
id: 1065
4030 907 
id: 1066
4483 906 
id: 1067
4674 907 
id: 1068
157 908 
id: 1069
2660 908 
id: 1070
3620 907 
id: 1071
1790 909 
id: 1072
3499 909 
id: 1073
3997 909 
id: 1074
3542 911 
id: 1075
4079 911 
id: 1076
4346 911 
id: 1077
2929 912 
id: 1078
2959 912 
id: 1079
1707 914 
id: 1080
3474 914 3463 916 
id: 1081
4326 914 
id: 1082
2553 915 
id: 1083
2775 915 
id: 1084
2826 915 
id: 1085
4784 915 
id: 1086
1618 916 
id: 1087
4046 916 
id: 1088
4484 916 
id: 1089
4684 916 
id: 1090
4695 917 
id: 1091
3958 917 
id: 1092
4393 918 
id: 1093
1988 919 
id: 1094
2760 919 
id: 1095
3641 919 
id: 1096
3974 919 
id: 1097
1957 920 
id: 1098
3507 922 
id: 1099
4023 923 
id: 1100
4367 923 
id: 1101
1899 924 
id: 1102
3993 925 
id: 1103
4092 925 
id: 1104
3352 926 
id: 1105
4316 926 
id: 1106
2699 927 
id: 1107
4442 927 
id: 1108
1822 929 
id: 1109
2869 929 
id: 1110
1643 930 
id: 1111
4018 930 
id: 1112
4052 929 
id: 1113
4385 930 
id: 1114
1595 932 
id: 1115
3397 931 
id: 1116
4459 932 
id: 1117
3955 932 
id: 1118
4298 933 
id: 1119
4339 933 
id: 1120
1610 935 1597 937 
id: 1121
1612 935 
id: 1122
4075 935 
id: 1123
1840 936 
id: 1124
3971 936 
id: 1125
4281 936 4268 950 
id: 1126
4561 936 
id: 1127
3671 938 
id: 1128
3272 939 
id: 1129
3477 939 
id: 1130
4081 939 
id: 1131
4109 939 
id: 1132
1800 940 
id: 1133
1667 942 
id: 1134
2043 942 
id: 1135
3995 942 
id: 1136
4023 942 
id: 1137
4060 941 
id: 1138
4321 943 
id: 1139
4516 942 
id: 1140
3974 944 
id: 1141
4046 943 
id: 1142
4358 943 
id: 1143
5044 945 
id: 1144
1933 947 
id: 1145
4327 947 
id: 1146
1661 948 
id: 1147
3400 948 
id: 1148
2771 949 
id: 1149
3451 949 
id: 1150
1473 950 
id: 1151
3951 949 
id: 1152
4005 952 
id: 1153
4416 952 
id: 1154
3502 953 
id: 1155
4125 953 
id: 1156
4175 953 
id: 1157
4439 953 
id: 1158
4032 955 
id: 1159
4093 955 
id: 1160
4284 954 
id: 1161
1626 957 
id: 1162
4122 958 
id: 1163
4387 957 
id: 1164
3939 959 
id: 1165
4525 959 
id: 1166
1606 960 
id: 1167
2993 960 
id: 1168
4078 960 
id: 1169
5403 960 
id: 1170
3961 961 
id: 1171
3985 961 
id: 1172
4285 960 
id: 1173
1648 962 
id: 1174
1914 960 
id: 1175
4021 963 
id: 1176
4302 962 
id: 1177
1713 963 
id: 1178
3941 965 
id: 1179
1886 966 
id: 1180
4140 966 
id: 1181
4271 966 4265 968 
id: 1182
1722 967 
id: 1183
4340 967 
id: 1184
3703 969 3721 976 
id: 1185
3466 969 
id: 1186
3996 970 
id: 1187
3954 971 
id: 1188
4087 970 
id: 1189
4378 970 
id: 1190
3534 972 
id: 1191
4318 972 
id: 1192
4132 973 
id: 1193
3313 974 
id: 1194
4464 973 4476 984 4483 990 
id: 1195
2223 976 
id: 1196
2785 976 
id: 1197
4525 976 4529 989 
id: 1198
4101 977 
id: 1199
1649 978 
id: 1200
1712 978 
id: 1201
3432 977 
id: 1202
3974 978 
id: 1203
4039 977 
id: 1204
4069 978 
id: 1205
4330 978 
id: 1206
4360 978 
id: 1207
4451 979 
id: 1208
1670 979 
id: 1209
3301 980 
id: 1210
3493 983 
id: 1211
3952 982 
id: 1212
4292 983 
id: 1213
3910 984 
id: 1214
4425 983 
id: 1215
1545 984 1531 986 
id: 1216
1591 984 
id: 1217
1718 985 
id: 1218
2550 967 2547 983 
id: 1219
3997 985 
id: 1220
4927 985 
id: 1221
1671 986 
id: 1222
4155 986 
id: 1223
1612 987 
id: 1224
3721 986 
id: 1225
3903 988 
id: 1226
4327 988 
id: 1227
3925 990 
id: 1228
4245 989 4240 997 4234 1012 
id: 1229
4293 990 
id: 1230
1770 991 
id: 1231
3989 991 
id: 1232
4140 991 
id: 1233
4668 991 
id: 1234
1795 992 
id: 1235
1859 991 1853 1008 
id: 1236
3387 990 
id: 1237
3435 992 
id: 1238
3905 992 
id: 1239
4394 991 
id: 1240
1760 993 
id: 1241
3710 993 
id: 1242
3795 993 
id: 1243
3984 993 
id: 1244
4024 994 
id: 1245
3448 994 
id: 1246
1606 996 
id: 1247
4105 995 
id: 1248
4318 996 
id: 1249
4509 996 
id: 1250
4275 996 
id: 1251
4461 997 
id: 1252
1532 997 
id: 1253
3690 998 
id: 1254
4166 998 
id: 1255
4547 998 
id: 1256
2463 999 
id: 1257
3956 999 
id: 1258
4183 998 4181 1000 
id: 1259
3556 1000 
id: 1260
4075 1000 
id: 1261
4482 1000 
id: 1262
4566 999 4559 1001 4588 1009 
id: 1263
3939 1001 
id: 1264
4048 1000 
id: 1265
4065 1001 
id: 1266
1554 1002 1574 1002 
id: 1267
3901 1002 
id: 1268
3965 1002 
id: 1269
4201 1001 4221 1006 
id: 1270
4293 1001 
id: 1271
1510 1002 
id: 1272
1822 1003 
id: 1273
4520 1003 
id: 1274
1674 1004 
id: 1275
3889 1003 
id: 1276
1633 1005 
id: 1277
1740 1005 
id: 1278
1849 1004 
id: 1279
3325 1005 
id: 1280
4690 1005 
id: 1281
338 1005 326 1032 318 1035 313 1040 304 1043 267 1052 277 1054 
id: 1282
3930 1006 
id: 1283
4011 1006 
id: 1284
3422 1007 
id: 1285
3977 1007 
id: 1286
1653 1008 
id: 1287
1698 1008 
id: 1288
3738 1007 
id: 1289
4279 1008 
id: 1290
4347 1007 
id: 1291
4129 1009 
id: 1292
4574 1008 
id: 1293
4179 1010 
id: 1294
3727 1013 
id: 1295
3918 1013 
id: 1296
4104 1013 
id: 1297
4186 1013 
id: 1298
4385 1013 
id: 1299
4400 1013 
id: 1300
1648 1014 
id: 1301
1687 1014 
id: 1302
3478 1014 
id: 1303
3647 1014 
id: 1304
4137 1014 
id: 1305
3340 1015 
id: 1306
4152 1015 
id: 1307
4228 1008 4226 1015 
id: 1308
4597 1015 
id: 1309
3946 1016 
id: 1310
3438 1017 
id: 1311
3613 1017 
id: 1312
3975 1017 
id: 1313
1514 1018 
id: 1314
3028 1017 
id: 1315
3543 1018 
id: 1316
3672 1018 
id: 1317
4010 1018 
id: 1318
4692 1018 
id: 1319
1762 1019 
id: 1320
1786 1019 
id: 1321
3889 1019 
id: 1322
4208 1019 
id: 1323
4473 1018 
id: 1324
4367 1019 
id: 1325
1697 1021 
id: 1326
4054 1021 
id: 1327
4244 1021 
id: 1328
4621 1021 4633 1029 
id: 1329
1486 1022 
id: 1330
1832 1021 1786 1043 1806 1043 
id: 1331
4235 1022 
id: 1332
4280 1021 
id: 1333
758 1023 
id: 1334
1719 1023 
id: 1335
3622 1023 3643 1042 
id: 1336
3950 1023 
id: 1337
3986 1024 
id: 1338
1667 1026 
id: 1339
1766 1026 
id: 1340
3967 1026 
id: 1341
3290 1027 
id: 1342
4065 1027 
id: 1343
130 1028 140 1030 115 1035 77 1040 12 1049 50 1072 22 1077 10 1082 18 1082 
id: 1344
3316 1028 
id: 1345
3668 1028 
id: 1346
4510 1028 
id: 1347
3937 1029 
id: 1348
4171 1028 
id: 1349
4313 1029 
id: 1350
1367 1030 1328 1131 
id: 1351
1790 1030 1823 1030 1823 1034 
id: 1352
1840 1030 1855 1047 
id: 1353
4218 1029 
id: 1354
2754 1031 
id: 1355
4033 1031 
id: 1356
4117 1031 
id: 1357
4007 1032 
id: 1358
3695 1031 
id: 1359
3870 1033 
id: 1360
4555 1032 
id: 1361
3989 1034 
id: 1362
4296 1034 
id: 1363
4567 1033 
id: 1364
4638 1033 4653 1047 
id: 1365
4087 1035 
id: 1366
4152 1035 
id: 1367
5316 1035 
id: 1368
4204 1036 
id: 1369
4275 1036 
id: 1370
3354 1037 
id: 1371
3428 1037 
id: 1372
3591 1037 3597 1067 
id: 1373
4397 1037 
id: 1374
1702 1038 
id: 1375
3572 1037 
id: 1376
4052 1038 
id: 1377
4309 1037 
id: 1378
4793 1038 
id: 1379
3532 1039 
id: 1380
3618 1039 
id: 1381
3879 1039 
id: 1382
3952 1039 
id: 1383
4232 1041 
id: 1384
4331 1041 
id: 1385
5513 1040 
id: 1386
1494 1042 1471 1052 
id: 1387
1644 1041 
id: 1388
3696 1041 
id: 1389
3893 1042 
id: 1390
4262 1042 
id: 1391
4362 1041 
id: 1392
4227 1041 
id: 1393
1671 1043 
id: 1394
3969 1044 
id: 1395
4040 1044 
id: 1396
4136 1044 
id: 1397
4693 1044 
id: 1398
1267 1045 
id: 1399
3312 1045 
id: 1400
3358 1045 
id: 1401
1478 1046 1459 1064 
id: 1402
3943 1047 
id: 1403
4096 1047 
id: 1404
3474 1048 
id: 1405
3912 1048 
id: 1406
4208 1048 
id: 1407
4632 1048 
id: 1408
4033 1050 
id: 1409
1494 1051 
id: 1410
4157 1051 
id: 1411
4592 1051 
id: 1412
4179 1052 
id: 1413
4458 1052 
id: 1414
3386 1053 
id: 1415
4087 1053 
id: 1416
4547 1052 
id: 1417
3524 1054 
id: 1418
4163 1054 
id: 1419
3986 1054 
id: 1420
3770 1057 
id: 1421
4016 1057 
id: 1422
4066 1057 
id: 1423
4232 1057 
id: 1424
4281 1057 
id: 1425
4323 1057 
id: 1426
3977 1058 
id: 1427
1498 1059 
id: 1428
1840 1059 1851 1075 
id: 1429
3764 1058 
id: 1430
4197 1059 
id: 1431
4489 1059 
id: 1432
4659 1059 4672 1064 4675 1064 4674 1079 4680 1085 
id: 1433
3275 1059 
id: 1434
3815 1060 
id: 1435
4048 1060 
id: 1436
4116 1060 
id: 1437
1453 1061 
id: 1438
3318 1061 
id: 1439
3450 1061 
id: 1440
1732 1062 1741 1062 1711 1067 
id: 1441
3960 1062 
id: 1442
4089 1061 
id: 1443
4143 1063 
id: 1444
2998 1064 
id: 1445
4272 1064 
id: 1446
2575 1065 
id: 1447
3305 1066 
id: 1448
3713 1066 
id: 1449
4127 1066 
id: 1450
4207 1066 
id: 1451
1501 1068 1499 1070 
id: 1452
2426 1068 
id: 1453
3874 1069 
id: 1454
4077 1069 
id: 1455
4168 1069 
id: 1456
3594 1070 
id: 1457
4054 1070 
id: 1458
4647 1070 
id: 1459
3399 1070 
id: 1460
3940 1071 
id: 1461
4304 1071 
id: 1462
932 1072 
id: 1463
3861 1071 
id: 1464
4002 1071 
id: 1465
4233 1072 
id: 1466
4239 1072 
id: 1467
3516 1073 
id: 1468
3634 1073 
id: 1469
4150 1073 
id: 1470
1815 1074 
id: 1471
3784 1074 
id: 1472
3826 1074 
id: 1473
4106 1074 
id: 1474
4416 1074 
id: 1475
4517 1074 
id: 1476
4799 1073 4812 1094 4818 1101 4823 1108 4833 1110 
id: 1477
1139 1075 
id: 1478
1760 1074 
id: 1479
4089 1075 
id: 1480
4361 1075 
id: 1481
4399 1075 
id: 1482
1875 1076 
id: 1483
3588 1075 
id: 1484
3901 1076 
id: 1485
4265 1076 
id: 1486
4587 1075 
id: 1487
1444 1077 
id: 1488
4327 1077 
id: 1489
1476 1077 
id: 1490
4128 1078 
id: 1491
3967 1079 
id: 1492
3994 1079 
id: 1493
4326 1078 
id: 1494
1424 1081 
id: 1495
3671 1081 
id: 1496
3329 1081 
id: 1497
3659 1082 
id: 1498
3726 1082 
id: 1499
3885 1083 
id: 1500
3291 1084 
id: 1501
3313 1084 
id: 1502
4039 1085 
id: 1503
4059 1085 
id: 1504
1854 1087 
id: 1505
3697 1087 
id: 1506
4263 1087 
id: 1507
4011 1087 
id: 1508
4212 1088 
id: 1509
4219 1088 
id: 1510
4297 1088 
id: 1511
1400 1090 
id: 1512
3716 1089 
id: 1513
4150 1090 
id: 1514
4156 1091 
id: 1515
1380 1093 
id: 1516
3955 1093 
id: 1517
4183 1093 
id: 1518
1466 1094 
id: 1519
4575 1093 
id: 1520
3380 1095 
id: 1521
3983 1095 
id: 1522
4092 1095 
id: 1523
1428 1096 
id: 1524
3865 1096 
id: 1525
1432 1097 
id: 1526
2599 1097 
id: 1527
4000 1097 
id: 1528
4048 1095 
id: 1529
4480 1097 
id: 1530
3654 1098 
id: 1531
4106 1098 
id: 1532
4502 1098 
id: 1533
4686 1096 4697 1110 
id: 1534
3945 1099 
id: 1535
4581 1099 
id: 1536
1853 1100 
id: 1537
2069 1099 
id: 1538
3285 1100 
id: 1539
4065 1100 
id: 1540
4142 1099 
id: 1541
4666 1100 
id: 1542
3360 1101 
id: 1543
3622 1102 
id: 1544
4117 1101 
id: 1545
1386 1103 
id: 1546
2525 1102 2537 1108 2546 1108 2528 1117 
id: 1547
3255 1103 
id: 1548
1365 1104 
id: 1549
2561 1104 2581 1109 2591 1123 
id: 1550
3910 1104 
id: 1551
4635 1103 
id: 1552
1484 1105 
id: 1553
3340 1104 
id: 1554
3779 1105 
id: 1555
4007 1105 
id: 1556
4037 1105 
id: 1557
4194 1105 
id: 1558
4166 1106 
id: 1559
2988 1107 
id: 1560
3045 1106 
id: 1561
4237 1106 
id: 1562
4382 1106 
id: 1563
3862 1108 
id: 1564
1403 1109 
id: 1565
3479 1109 
id: 1566
3555 1109 
id: 1567
3972 1109 
id: 1568
5142 1108 
id: 1569
3295 1110 
id: 1570
3630 1110 
id: 1571
4127 1110 
id: 1572
3619 1111 
id: 1573
4326 1110 
id: 1574
4445 1110 
id: 1575
681 1112 
id: 1576
1848 1112 
id: 1577
3394 1112 
id: 1578
1496 1113 
id: 1579
4094 1113 
id: 1580
4415 1113 
id: 1581
2637 1114 
id: 1582
3682 1114 
id: 1583
3996 1114 
id: 1584
4076 1114 
id: 1585
4193 1114 
id: 1586
4503 1114 
id: 1587
2660 1116 
id: 1588
3287 1115 
id: 1589
3896 1115 
id: 1590
4042 1116 
id: 1591
4158 1116 
id: 1592
1368 1117 
id: 1593
1390 1117 
id: 1594
3623 1117 
id: 1595
4522 1118 
id: 1596
1350 1119 
id: 1597
3324 1119 
id: 1598
3648 1118 
id: 1599
3931 1120 
id: 1600
1298 1121 
id: 1601
1676 1121 1697 1160 
id: 1602
4006 1121 
id: 1603
4024 1121 
id: 1604
4728 1121 
id: 1605
1889 1122 
id: 1606
4052 1122 
id: 1607
4100 1121 
id: 1608
4696 1122 4714 1143 4712 1148 
id: 1609
1850 1123 1842 1125 
id: 1610
2676 1123 
id: 1611
4263 1123 
id: 1612
4555 1123 
id: 1613
4622 1123 
id: 1614
4679 1124 
id: 1615
1311 1125 
id: 1616
1413 1124 
id: 1617
2639 1124 
id: 1618
3269 1126 
id: 1619
4749 1126 
id: 1620
1584 1126 
id: 1621
4425 1126 
id: 1622
1377 1128 
id: 1623
4220 1128 
id: 1624
3364 1129 
id: 1625
3623 1129 
id: 1626
4643 1129 
id: 1627
3697 1130 
id: 1628
1269 1131 
id: 1629
2750 1130 
id: 1630
3299 1131 
id: 1631
4660 1130 
id: 1632
4854 1131 
id: 1633
1782 1132 
id: 1634
3114 1132 
id: 1635
3118 1132 
id: 1636
3916 1132 
id: 1637
1292 1133 
id: 1638
3972 1133 
id: 1639
4121 1133 
id: 1640
3864 1133 
id: 1641
4590 1134 
id: 1642
3745 1135 
id: 1643
4507 1135 
id: 1644
1836 1136 1842 1142 
id: 1645
3558 1136 3543 1139 
id: 1646
3663 1135 
id: 1647
4203 1136 
id: 1648
1255 1137 
id: 1649
3773 1137 
id: 1650
3881 1137 
id: 1651
4143 1137 
id: 1652
4446 1137 
id: 1653
4571 1136 
id: 1654
4628 1137 
id: 1655
1362 1138 
id: 1656
1406 1138 
id: 1657
3982 1139 
id: 1658
4332 1140 
id: 1659
1309 1141 
id: 1660
2964 1141 
id: 1661
3300 1141 
id: 1662
2696 1142 
id: 1663
3791 1142 
id: 1664
4030 1142 
id: 1665
1240 1143 
id: 1666
1275 1143 
id: 1667
3290 1143 
id: 1668
3564 1142 
id: 1669
3597 1143 
id: 1670
3830 1143 
id: 1671
3917 1142 
id: 1672
4608 1143 
id: 1673
1267 1144 
id: 1674
1332 1144 
id: 1675
1829 1144 1826 1147 1841 1152 
id: 1676
3944 1144 
id: 1677
1424 1145 1434 1150 1434 1157 
id: 1678
3542 1145 
id: 1679
4001 1145 
id: 1680
4663 1146 
id: 1681
4843 1145 4848 1148 4846 1160 
id: 1682
3262 1147 
id: 1683
1376 1148 
id: 1684
2922 1148 
id: 1685
3101 1148 
id: 1686
3322 1148 
id: 1687
3617 1148 
id: 1688
3654 1147 
id: 1689
4464 1148 
id: 1690
4075 1149 
id: 1691
4222 1149 
id: 1692
4388 1149 
id: 1693
1290 1150 
id: 1694
3206 1150 
id: 1695
3345 1150 
id: 1696
3928 1150 
id: 1697
2656 1151 
id: 1698
3360 1151 
id: 1699
4014 1151 
id: 1700
2683 1152 
id: 1701
2726 1152 
id: 1702
3210 1151 
id: 1703
4239 1152 
id: 1704
1793 1153 1796 1165 1804 1165 
id: 1705
1691 1153 
id: 1706
1299 1155 
id: 1707
1600 1155 
id: 1708
3295 1155 
id: 1709
4485 1155 
id: 1710
1410 1156 
id: 1711
3281 1156 
id: 1712
4697 1156 4705 1170 
id: 1713
1241 1156 
id: 1714
1387 1157 
id: 1715
3522 1157 
id: 1716
1210 1158 
id: 1717
1758 1158 
id: 1718
1824 1157 
id: 1719
3045 1157 
id: 1720
3258 1158 
id: 1721
3980 1158 
id: 1722
3359 1159 
id: 1723
3971 1158 
id: 1724
1687 1159 1668 1171 
id: 1725
2700 1160 
id: 1726
3676 1160 
id: 1727
1201 1161 
id: 1728
1297 1161 
id: 1729
1418 1161 
id: 1730
1653 1160 
id: 1731
3590 1161 
id: 1732
4648 1161 
id: 1733
178 1162 
id: 1734
1065 1162 
id: 1735
1224 1162 
id: 1736
1227 1162 
id: 1737
1331 1162 
id: 1738
1705 1162 
id: 1739
3317 1161 
id: 1740
1267 1163 
id: 1741
1733 1163 
id: 1742
2892 1163 
id: 1743
1252 1164 
id: 1744
4008 1164 
id: 1745
4572 1164 
id: 1746
4679 1164 
id: 1747
1236 1165 
id: 1748
3736 1165 
id: 1749
4661 1166 
id: 1750
3166 1167 
id: 1751
3385 1167 
id: 1752
3550 1167 
id: 1753
4855 1166 
id: 1754
1400 1168 
id: 1755
2671 1168 
id: 1756
3529 1168 
id: 1757
3786 1168 
id: 1758
3201 1169 
id: 1759
3351 1169 
id: 1760
4362 1169 
id: 1761
4683 1169 
id: 1762
1683 1170 
id: 1763
1703 1170 
id: 1764
2661 1170 
id: 1765
3937 1170 
id: 1766
4411 1169 
id: 1767
4610 1170 
id: 1768
2932 1171 
id: 1769
3965 1171 
id: 1770
1203 1172 
id: 1771
2721 1171 
id: 1772
3362 1171 
id: 1773
3880 1172 
id: 1774
4178 1172 
id: 1775
3700 1172 
id: 1776
4315 1173 
id: 1777
4910 1172 
id: 1778
1220 1174 
id: 1779
1276 1174 
id: 1780
1290 1174 
id: 1781
3924 1174 
id: 1782
4705 1174 
id: 1783
2985 1175 
id: 1784
3563 1175 
id: 1785
1179 1175 
id: 1786
3009 1176 
id: 1787
1252 1177 
id: 1788
1409 1177 
id: 1789
1699 1177 
id: 1790
3490 1176 
id: 1791
3642 1177 
id: 1792
3815 1177 
id: 1793
4617 1176 
id: 1794
1240 1178 
id: 1795
3622 1179 
id: 1796
4846 1179 4835 1180 
id: 1797
1534 1180 1555 1186 1560 1187 1567 1218 1586 1230 
id: 1798
2705 1179 
id: 1799
1207 1181 
id: 1800
1285 1181 
id: 1801
1303 1181 
id: 1802
1424 1181 
id: 1803
1727 1179 
id: 1804
2675 1181 
id: 1805
3798 1181 
id: 1806
4628 1181 
id: 1807
1221 1182 
id: 1808
1260 1182 
id: 1809
4513 1182 
id: 1810
2755 1182 
id: 1811
2967 1183 
id: 1812
3376 1183 
id: 1813
3989 1182 
id: 1814
1279 1184 
id: 1815
1669 1184 1671 1192 1668 1193 
id: 1816
751 1185 
id: 1817
1185 1185 
id: 1818
1442 1184 
id: 1819
2922 1185 
id: 1820
3504 1185 
id: 1821
1232 1186 
id: 1822
3035 1186 
id: 1823
3535 1186 
id: 1824
4038 1186 
id: 1825
4575 1186 
id: 1826
1434 1187 1448 1197 
id: 1827
1403 1188 
id: 1828
3360 1187 
id: 1829
3367 1188 
id: 1830
3579 1188 
id: 1831
3942 1188 
id: 1832
4061 1188 
id: 1833
4814 1188 4837 1188 4832 1190 4820 1192 4825 1198 
id: 1834
4861 1187 
id: 1835
2539 1189 
id: 1836
4445 1189 
id: 1837
1594 1189 
id: 1838
1602 1190 
id: 1839
2492 1190 
id: 1840
4876 1190 
id: 1841
1161 1190 
id: 1842
2852 1190 
id: 1843
1194 1192 
id: 1844
1637 1193 
id: 1845
2685 1192 
id: 1846
2798 1192 
id: 1847
2733 1194 
id: 1848
3474 1194 
id: 1849
2159 1195 
id: 1850
1289 1195 
id: 1851
2758 1196 
id: 1852
3619 1196 
id: 1853
3965 1195 
id: 1854
4874 1196 4867 1201 
id: 1855
4980 1195 
id: 1856
3918 1196 
id: 1857
4233 1197 
id: 1858
3404 1197 
id: 1859
3541 1198 
id: 1860
1240 1199 
id: 1861
1269 1199 
id: 1862
1406 1199 
id: 1863
2955 1199 
id: 1864
4506 1199 
id: 1865
4775 1199 
id: 1866
1422 1200 
id: 1867
3639 1200 
id: 1868
3748 1200 
id: 1869
4379 1200 
id: 1870
4600 1200 
id: 1871
4843 1200 4830 1207 
id: 1872
2746 1201 
id: 1873
3708 1201 
id: 1874
3894 1201 
id: 1875
4650 1202 
id: 1876
4659 1202 
id: 1877
4688 1202 
id: 1878
2698 1203 
id: 1879
4923 1203 
id: 1880
1179 1204 
id: 1881
1588 1204 1595 1223 
id: 1882
1624 1204 
id: 1883
4835 1204 
id: 1884
2769 1205 
id: 1885
3558 1205 
id: 1886
4734 1205 4781 1282 
id: 1887
1191 1206 
id: 1888
3867 1206 
id: 1889
4901 1206 4909 1216 
id: 1890
1126 1207 
id: 1891
1232 1206 
id: 1892
1656 1208 1691 1218 1689 1220 1682 1222 1647 1229 1665 1231 1648 1236 
id: 1893
3571 1208 
id: 1894
4587 1208 
id: 1895
1210 1208 
id: 1896
2893 1209 
id: 1897
2936 1209 2946 1212 
id: 1898
3779 1209 
id: 1899
4539 1209 
id: 1900
4653 1208 
id: 1901
4923 1209 
id: 1902
2692 1210 
id: 1903
2976 1209 
id: 1904
4867 1209 
id: 1905
1264 1211 
id: 1906
1282 1211 
id: 1907
3367 1211 
id: 1908
3487 1211 
id: 1909
3602 1211 
id: 1910
3664 1211 
id: 1911
3987 1210 
id: 1912
4465 1210 
id: 1913
4481 1211 
id: 1914
1399 1212 
id: 1915
2766 1212 
id: 1916
3377 1212 
id: 1917
4931 1211 
id: 1918
5033 1212 
id: 1919
4663 1213 
id: 1920
2709 1214 
id: 1921
3153 1213 
id: 1922
3444 1214 
id: 1923
3222 1215 
id: 1924
4822 1215 4823 1219 
id: 1925
1511 1216 1531 1235 
id: 1926
4873 1215 
id: 1927
4916 1216 
id: 1928
2844 1217 
id: 1929
3594 1217 
id: 1930
4037 1217 
id: 1931
1162 1218 
id: 1932
1564 1219 1567 1235 
id: 1933
2802 1219 
id: 1934
4781 1218 4793 1221 4797 1224 
id: 1935
3801 1220 
id: 1936
1213 1221 
id: 1937
2949 1221 
id: 1938
3941 1221 
id: 1939
4894 1221 
id: 1940
1242 1222 
id: 1941
1487 1222 
id: 1942
3504 1222 
id: 1943
4868 1221 
id: 1944
1752 1223 
id: 1945
2753 1222 
id: 1946
4443 1223 
id: 1947
4931 1223 
id: 1948
4945 1223 
id: 1949
2878 1224 
id: 1950
4913 1224 
id: 1951
4956 1224 
id: 1952
4972 1224 
id: 1953
1277 1225 
id: 1954
3320 1224 
id: 1955
3562 1225 
id: 1956
3844 1225 
id: 1957
4091 1225 
id: 1958
4530 1225 
id: 1959
4619 1224 
id: 1960
4803 1225 
id: 1961
1541 1226 
id: 1962
2730 1226 
id: 1963
2761 1226 
id: 1964
3521 1225 
id: 1965
3534 1225 
id: 1966
2422 1227 
id: 1967
2714 1227 
id: 1968
2962 1226 
id: 1969
2972 1227 
id: 1970
3056 1227 
id: 1971
3395 1228 
id: 1972
3925 1228 
id: 1973
4518 1228 
id: 1974
4942 1226 
id: 1975
3614 1229 
id: 1976
3696 1229 
id: 1977
4988 1229 
id: 1978
2721 1230 
id: 1979
2930 1230 
id: 1980
3193 1230 
id: 1981
3741 1230 
id: 1982
3339 1231 
id: 1983
3892 1231 
id: 1984
4482 1231 
id: 1985
4879 1231 4886 1252 
id: 1986
4916 1231 
id: 1987
3460 1232 
id: 1988
4784 1232 
id: 1989
1192 1233 
id: 1990
2773 1233 
id: 1991
3764 1232 
id: 1992
4816 1233 
id: 1993
1635 1234 
id: 1994
2789 1234 
id: 1995
3208 1234 
id: 1996
3413 1234 
id: 1997
3719 1234 
id: 1998
4024 1233 
id: 1999
4575 1233 
id: 2000
4660 1234 
id: 2001
4899 1234 
id: 2002
4936 1233 
id: 2003
4397 1234 
id: 2004
4600 1235 
id: 2005
1173 1236 
id: 2006
4955 1235 
id: 2007
4966 1235 
id: 2008
1219 1238 
id: 2009
2930 1238 
id: 2010
3580 1238 
id: 2011
3778 1238 
id: 2012
4925 1237 
id: 2013
1560 1239 1541 1280 
id: 2014
3371 1239 
id: 2015
3482 1239 
id: 2016
3564 1239 
id: 2017
4557 1239 
id: 2018
4984 1238 
id: 2019
2810 1239 
id: 2020
4886 1240 
id: 2021
1089 1241 1091 1262 1062 1265 1056 1269 
id: 2022
1638 1240 1622 1250 1632 1250 1593 1255 1628 1262 1588 1264 1627 1265 1625 1268 1615 1272 1596 1275 1616 1278 1609 1283 1600 1291 1577 1300 1599 1302 1592 1308 
id: 2023
3378 1241 
id: 2024
3632 1242 
id: 2025
1149 1242 
id: 2026
3524 1243 
id: 2027
3551 1243 
id: 2028
4005 1242 
id: 2029
2960 1244 
id: 2030
5001 1244 
id: 2031
2671 1245 
id: 2032
3032 1245 3026 1250 
id: 2033
2890 1246 
id: 2034
2843 1247 
id: 2035
3491 1247 
id: 2036
4140 1247 
id: 2037
4638 1247 
id: 2038
4676 1247 4692 1260 
id: 2039
3239 1248 3217 1259 3233 1262 3228 1264 3226 1267 
id: 2040
4785 1247 
id: 2041
4801 1247 
id: 2042
3623 1249 
id: 2043
4806 1249 
id: 2044
4972 1248 
id: 2045
1249 1249 
id: 2046
2718 1250 
id: 2047
3610 1250 
id: 2048
3317 1250 
id: 2049
2720 1251 
id: 2050
2922 1252 
id: 2051
3269 1252 
id: 2052
1200 1252 
id: 2053
3165 1252 3156 1257 
id: 2054
4938 1253 
id: 2055
3264 1254 
id: 2056
3872 1254 
id: 2057
3403 1255 
id: 2058
3888 1255 
id: 2059
4412 1254 
id: 2060
4988 1255 
id: 2061
2814 1255 
id: 2062
3101 1256 
id: 2063
3444 1256 
id: 2064
3513 1256 
id: 2065
2954 1257 
id: 2066
3594 1258 
id: 2067
2727 1259 
id: 2068
3652 1259 
id: 2069
3703 1259 
id: 2070
3816 1259 
id: 2071
4538 1259 
id: 2072
1133 1260 
id: 2073
1277 1260 
id: 2074
1677 1260 
id: 2075
3340 1260 
id: 2076
3615 1260 
id: 2077
2707 1261 
id: 2078
3185 1261 3202 1261 3203 1266 3197 1268 3186 1273 3184 1277 3198 1277 3195 1281 
id: 2079
3384 1261 
id: 2080
4228 1261 
id: 2081
2762 1262 
id: 2082
2977 1262 
id: 2083
3575 1262 
id: 2084
3930 1261 
id: 2085
4823 1262 
id: 2086
1475 1263 
id: 2087
2752 1262 
id: 2088
3041 1262 
id: 2089
3312 1263 
id: 2090
3465 1263 
id: 2091
4376 1263 
id: 2092
4947 1263 
id: 2093
3147 1263 
id: 2094
3749 1264 
id: 2095
4651 1264 
id: 2096
4792 1264 
id: 2097
4957 1263 4963 1283 
id: 2098
4081 1265 
id: 2099
1222 1266 
id: 2100
3983 1266 
id: 2101
4448 1265 
id: 2102
1147 1267 
id: 2103
2412 1267 2409 1280 2362 1293 2356 1296 2370 1296 2382 1298 
id: 2104
3270 1266 
id: 2105
4812 1267 
id: 2106
1330 1268 
id: 2107
2704 1268 
id: 2108
3549 1267 
id: 2109
4376 1268 
id: 2110
5002 1267 
id: 2111
2682 1268 
id: 2112
3022 1270 
id: 2113
3517 1270 
id: 2114
5631 1270 
id: 2115
3483 1272 
id: 2116
4666 1272 
id: 2117
1177 1272 
id: 2118
3490 1273 
id: 2119
4501 1273 
id: 2120
4612 1272 
id: 2121
4825 1272 
id: 2122
2732 1274 
id: 2123
3167 1273 
id: 2124
3231 1274 
id: 2125
3297 1274 
id: 2126
3380 1274 
id: 2127
3434 1274 
id: 2128
3856 1274 
id: 2129
2779 1275 
id: 2130
3039 1275 
id: 2131
3242 1275 
id: 2132
3398 1275 
id: 2133
4719 1275 
id: 2134
4787 1275 
id: 2135
2678 1276 
id: 2136
2811 1276 
id: 2137
3536 1276 
id: 2138
4430 1276 
id: 2139
4613 1276 
id: 2140
2744 1277 
id: 2141
3020 1277 
id: 2142
3210 1277 3221 1280 3211 1289 
id: 2143
3349 1277 
id: 2144
3647 1277 3633 1300 
id: 2145
3714 1277 
id: 2146
3828 1276 
id: 2147
1540 1278 
id: 2148
3009 1278 
id: 2149
3260 1278 
id: 2150
4489 1278 
id: 2151
2112 1279 
id: 2152
4578 1279 
id: 2153
3180 1280 
id: 2154
3931 1280 
id: 2155
3130 1281 3127 1288 
id: 2156
3322 1281 
id: 2157
3558 1281 
id: 2158
3563 1282 
id: 2159
4763 1281 
id: 2160
3272 1283 
id: 2161
1057 1284 1070 1290 1008 1328 
id: 2162
4774 1282 
id: 2163
4988 1284 
id: 2164
5174 1283 
id: 2165
2793 1284 
id: 2166
3052 1285 
id: 2167
4172 1285 
id: 2168
2707 1286 
id: 2169
2770 1286 
id: 2170
3019 1286 
id: 2171
3188 1285 3190 1300 3176 1306 
id: 2172
3448 1287 
id: 2173
4368 1287 
id: 2174
1989 1288 
id: 2175
3485 1288 
id: 2176
3516 1289 
id: 2177
4039 1289 
id: 2178
4373 1289 
id: 2179
2686 1290 
id: 2180
3839 1290 
id: 2181
3879 1291 
id: 2182
4045 1291 
id: 2183
1284 1292 1286 1304 
id: 2184
3415 1292 
id: 2185
3476 1292 
id: 2186
1132 1293 
id: 2187
3136 1292 
id: 2188
3393 1293 
id: 2189
4606 1293 
id: 2190
1226 1294 
id: 2191
2736 1294 
id: 2192
1529 1295 
id: 2193
2663 1295 
id: 2194
3238 1295 
id: 2195
3325 1295 
id: 2196
4000 1295 
id: 2197
2720 1296 
id: 2198
931 1297 
id: 2199
3261 1298 
id: 2200
3798 1298 
id: 2201
2660 1299 
id: 2202
3157 1298 
id: 2203
3379 1298 
id: 2204
4796 1299 
id: 2205
1102 1300 
id: 2206
3349 1300 
id: 2207
4396 1300 
id: 2208
4761 1300 
id: 2209
4697 1300 
id: 2210
5008 1301 
id: 2211
3523 1302 
id: 2212
3565 1302 3572 1304 
id: 2213
3749 1301 
id: 2214
1385 1303 1399 1353 
id: 2215
2790 1303 
id: 2216
2827 1299 2827 1302 
id: 2217
2915 1303 
id: 2218
3300 1303 
id: 2219
3485 1303 
id: 2220
4249 1303 
id: 2221
1554 1304 
id: 2222
2944 1303 
id: 2223
3534 1304 
id: 2224
1139 1304 
id: 2225
1191 1305 
id: 2226
1244 1305 
id: 2227
3215 1305 3198 1320 3207 1326 3205 1330 
id: 2228
3285 1305 
id: 2229
3357 1304 
id: 2230
4562 1305 
id: 2231
4624 1305 
id: 2232
4864 1306 
id: 2233
4987 1307 
id: 2234
4994 1307 
id: 2235
2731 1308 
id: 2236
2775 1308 
id: 2237
3057 1308 
id: 2238
3117 1309 
id: 2239
3126 1309 
id: 2240
3242 1309 3236 1335 
id: 2241
3456 1309 
id: 2242
3734 1309 
id: 2243
1537 1310 
id: 2244
2979 1310 
id: 2245
3947 1309 
id: 2246
4173 1310 
id: 2247
4661 1309 
id: 2248
2852 1311 
id: 2249
3951 1311 
id: 2250
4081 1311 
id: 2251
4545 1312 
id: 2252
2724 1313 
id: 2253
2800 1312 
id: 2254
3246 1314 
id: 2255
3504 1314 
id: 2256
2656 1315 
id: 2257
3857 1315 
id: 2258
3875 1314 
id: 2259
4763 1314 
id: 2260
2684 1317 
id: 2261
2938 1316 
id: 2262
3140 1316 
id: 2263
2856 1319 
id: 2264
819 1320 
id: 2265
2668 1320 
id: 2266
3107 1320 
id: 2267
2872 1320 
id: 2268
3092 1320 
id: 2269
4669 1321 
id: 2270
5104 1321 
id: 2271
1514 1322 
id: 2272
2724 1322 
id: 2273
3406 1322 
id: 2274
4009 1322 
id: 2275
4744 1322 
id: 2276
4847 1322 
id: 2277
1600 1323 
id: 2278
3174 1322 
id: 2279
3214 1323 
id: 2280
3327 1323 
id: 2281
3384 1323 
id: 2282
3455 1323 
id: 2283
3473 1323 
id: 2284
2788 1323 
id: 2285
3045 1324 
id: 2286
3116 1324 
id: 2287
3562 1324 
id: 2288
1285 1325 
id: 2289
2742 1325 
id: 2290
3057 1325 
id: 2291
3215 1325 
id: 2292
3360 1325 
id: 2293
4601 1325 
id: 2294
1075 1325 
id: 2295
1246 1327 
id: 2296
2807 1325 
id: 2297
3520 1326 
id: 2298
4773 1327 
id: 2299
660 1327 
id: 2300
2700 1328 
id: 2301
2951 1327 
id: 2302
1025 1329 1038 1346 
id: 2303
1135 1328 
id: 2304
3408 1329 
id: 2305
3509 1329 
id: 2306
1540 1329 1546 1338 
id: 2307
3272 1330 
id: 2308
3290 1330 
id: 2309
3402 1330 
id: 2310
4361 1330 
id: 2311
1259 1332 
id: 2312
2669 1332 
id: 2313
3543 1332 
id: 2314
4817 1332 
id: 2315
3115 1332 
id: 2316
1680 1334 
id: 2317
2778 1334 
id: 2318
1106 1334 
id: 2319
3066 1335 
id: 2320
3190 1335 3212 1338 
id: 2321
3874 1335 
id: 2322
2817 1335 
id: 2323
3119 1336 
id: 2324
3513 1335 
id: 2325
3659 1336 
id: 2326
4474 1336 
id: 2327
3572 1337 
id: 2328
3922 1337 
id: 2329
4265 1337 
id: 2330
4725 1337 
id: 2331
4762 1337 
id: 2332
2697 1338 
id: 2333
3031 1338 
id: 2334
3151 1338 
id: 2335
4194 1338 
id: 2336
4672 1337 
id: 2337
3045 1339 
id: 2338
3132 1339 
id: 2339
3320 1339 
id: 2340
3736 1339 
id: 2341
2723 1340 
id: 2342
2883 1340 
id: 2343
2935 1340 
id: 2344
1313 1340 
id: 2345
2743 1341 
id: 2346
2797 1341 
id: 2347
3363 1341 
id: 2348
3240 1342 
id: 2349
3405 1341 
id: 2350
3460 1341 
id: 2351
3526 1342 
id: 2352
2479 1341 
id: 2353
2671 1343 
id: 2354
3216 1343 
id: 2355
4585 1342 
id: 2356
4773 1343 
id: 2357
1515 1344 
id: 2358
2778 1344 
id: 2359
3287 1344 
id: 2360
4534 1344 
id: 2361
1123 1345 
id: 2362
1194 1345 
id: 2363
3141 1344 
id: 2364
1398 1346 
id: 2365
2826 1345 
id: 2366
3554 1346 
id: 2367
3751 1346 
id: 2368
3814 1346 
id: 2369
3067 1346 
id: 2370
4774 1346 
id: 2371
1107 1348 
id: 2372
2712 1348 
id: 2373
3010 1347 
id: 2374
4681 1348 
id: 2375
3053 1348 
id: 2376
3491 1349 
id: 2377
3630 1347 
id: 2378
1527 1350 
id: 2379
4993 1350 4983 1363 
id: 2380
1052 1351 
id: 2381
2949 1350 
id: 2382
3030 1351 
id: 2383
3179 1351 
id: 2384
3554 1350 
id: 2385
1372 1353 1363 1354 
id: 2386
3003 1352 
id: 2387
3187 1353 
id: 2388
3475 1353 
id: 2389
2846 1354 
id: 2390
3112 1354 
id: 2391
4444 1354 
id: 2392
2751 1355 
id: 2393
2821 1355 
id: 2394
1336 1356 
id: 2395
4738 1356 
id: 2396
1275 1357 
id: 2397
1475 1357 
id: 2398
2775 1356 
id: 2399
2812 1356 
id: 2400
4831 1357 
id: 2401
2679 1358 
id: 2402
2732 1358 
id: 2403
3233 1358 
id: 2404
4424 1358 
id: 2405
397 1359 
id: 2406
3019 1359 
id: 2407
3108 1358 
id: 2408
3463 1358 
id: 2409
2668 1360 
id: 2410
2781 1360 
id: 2411
3129 1360 
id: 2412
3961 1359 
id: 2413
4626 1360 
id: 2414
4804 1361 
id: 2415
5041 1360 
id: 2416
1387 1362 
id: 2417
1473 1361 
id: 2418
3004 1362 
id: 2419
3558 1363 
id: 2420
3857 1363 
id: 2421
3110 1364 
id: 2422
3534 1364 
id: 2423
3699 1364 
id: 2424
3178 1364 
id: 2425
4005 1365 
id: 2426
4057 1365 
id: 2427
4059 1365 
id: 2428
1014 1366 
id: 2429
2716 1366 
id: 2430
2834 1366 
id: 2431
3143 1366 
id: 2432
1433 1366 1438 1367 
id: 2433
2207 1367 
id: 2434
5043 1366 5077 1393 5095 1393 
id: 2435
1412 1368 
id: 2436
1443 1368 
id: 2437
2844 1368 
id: 2438
2980 1368 
id: 2439
4164 1368 
id: 2440
4846 1367 4864 1379 
id: 2441
0 1369 
id: 2442
4763 1369 
id: 2443
1523 1370 
id: 2444
2692 1370 
id: 2445
3094 1369 3077 1374 3066 1377 
id: 2446
2999 1370 
id: 2447
3193 1371 
id: 2448
3742 1371 
id: 2449
4392 1371 
id: 2450
4515 1370 
id: 2451
1205 1372 
id: 2452
2665 1371 
id: 2453
2835 1372 
id: 2454
3501 1372 
id: 2455
4567 1371 
id: 2456
1483 1373 
id: 2457
3124 1373 
id: 2458
3939 1372 
id: 2459
4841 1373 
id: 2460
1187 1374 
id: 2461
1375 1373 
id: 2462
2760 1374 
id: 2463
2830 1374 
id: 2464
3096 1374 
id: 2465
4883 1374 
id: 2466
2964 1375 2971 1379 
id: 2467
3015 1374 
id: 2468
4310 1375 
id: 2469
3207 1376 
id: 2470
2736 1377 
id: 2471
2804 1377 
id: 2472
2847 1377 
id: 2473
4117 1377 
id: 2474
4788 1376 
id: 2475
5114 1377 
id: 2476
1237 1378 
id: 2477
4703 1377 
id: 2478
2700 1379 
id: 2479
3056 1379 3065 1381 3077 1381 3062 1385 
id: 2480
3446 1379 
id: 2481
3484 1379 
id: 2482
1042 1380 
id: 2483
1387 1380 
id: 2484
3230 1380 
id: 2485
2897 1381 
id: 2486
3022 1381 3045 1403 
id: 2487
3080 1381 
id: 2488
4800 1381 
id: 2489
1466 1382 
id: 2490
2785 1382 
id: 2491
2992 1381 
id: 2492
1302 1383 
id: 2493
1463 1383 
id: 2494
2826 1383 
id: 2495
5008 1383 
id: 2496
1086 1384 
id: 2497
1478 1384 
id: 2498
2661 1384 
id: 2499
2890 1384 
id: 2500
3828 1384 
id: 2501
4283 1384 
id: 2502
1113 1385 
id: 2503
1517 1385 
id: 2504
2768 1386 
id: 2505
2860 1386 
id: 2506
2983 1385 
id: 2507
3515 1386 
id: 2508
4647 1386 
id: 2509
1409 1387 
id: 2510
2803 1387 
id: 2511
3110 1386 
id: 2512
1097 1388 
id: 2513
1186 1388 
id: 2514
3457 1388 
id: 2515
3856 1387 
id: 2516
4198 1388 
id: 2517
5030 1388 5010 1420 5007 1425 
id: 2518
2726 1389 
id: 2519
3004 1388 
id: 2520
3163 1389 
id: 2521
3333 1389 
id: 2522
4893 1389 
id: 2523
1536 1389 
id: 2524
1424 1391 
id: 2525
2970 1391 
id: 2526
3112 1390 
id: 2527
2916 1391 
id: 2528
3130 1392 
id: 2529
3144 1392 
id: 2530
3424 1392 
id: 2531
3719 1392 3740 1393 
id: 2532
1120 1393 
id: 2533
1341 1393 
id: 2534
1951 1392 
id: 2535
3108 1393 
id: 2536
4854 1392 
id: 2537
1044 1394 
id: 2538
1278 1394 
id: 2539
2849 1393 
id: 2540
2898 1394 
id: 2541
3050 1394 3042 1396 
id: 2542
3192 1393 
id: 2543
3197 1394 
id: 2544
4626 1394 
id: 2545
4820 1394 
id: 2546
2886 1395 
id: 2547
4761 1395 
id: 2548
2828 1396 
id: 2549
2925 1395 
id: 2550
4903 1396 
id: 2551
3901 1397 
id: 2552
1542 1398 
id: 2553
2992 1398 
id: 2554
2785 1399 
id: 2555
1144 1400 
id: 2556
3062 1400 
id: 2557
3975 1400 
id: 2558
4700 1400 
id: 2559
982 1399 
id: 2560
1379 1401 
id: 2561
2863 1401 
id: 2562
2926 1401 
id: 2563
2958 1401 
id: 2564
2973 1400 
id: 2565
4445 1401 
id: 2566
2979 1402 
id: 2567
3055 1402 
id: 2568
3233 1402 
id: 2569
3081 1403 
id: 2570
1024 1404 
id: 2571
2914 1404 
id: 2572
3162 1403 
id: 2573
3470 1403 
id: 2574
4289 1404 
id: 2575
1821 1405 
id: 2576
2962 1405 
id: 2577
1015 1406 
id: 2578
2888 1406 
id: 2579
3493 1406 
id: 2580
1346 1407 
id: 2581
3254 1407 
id: 2582
3332 1407 
id: 2583
4730 1406 
id: 2584
4779 1407 
id: 2585
5099 1406 5139 1429 5167 1460 5174 1469 5177 1473 5190 1492 5196 1510 
id: 2586
1395 1408 
id: 2587
2929 1408 
id: 2588
3188 1408 
id: 2589
1624 1409 
id: 2590
2809 1409 
id: 2591
3029 1409 3023 1414 3035 1417 
id: 2592
3117 1410 
id: 2593
3341 1409 
id: 2594
2839 1411 
id: 2595
2909 1411 
id: 2596
2995 1411 
id: 2597
3394 1411 
id: 2598
3695 1411 
id: 2599
4199 1411 
id: 2600
4658 1411 
id: 2601
1519 1412 
id: 2602
1560 1411 
id: 2603
1074 1413 
id: 2604
2830 1413 
id: 2605
3540 1413 
id: 2606
4276 1412 
id: 2607
2937 1414 
id: 2608
3151 1413 
id: 2609
1214 1415 
id: 2610
3133 1415 
id: 2611
4399 1415 
id: 2612
4578 1415 
id: 2613
2727 1416 
id: 2614
2805 1416 
id: 2615
2968 1416 
id: 2616
1532 1417 
id: 2617
2922 1417 
id: 2618
3117 1417 
id: 2619
4096 1417 
id: 2620
4380 1417 
id: 2621
1420 1418 
id: 2622
3403 1418 
id: 2623
3932 1417 
id: 2624
4876 1418 
id: 2625
1156 1419 
id: 2626
2873 1419 
id: 2627
2949 1419 
id: 2628
3038 1419 
id: 2629
3059 1419 
id: 2630
3330 1419 
id: 2631
2877 1420 
id: 2632
2980 1420 
id: 2633
3962 1420 
id: 2634
957 1412 957 1421 967 1425 931 1431 936 1432 
id: 2635
1120 1421 
id: 2636
4068 1421 
id: 2637
1570 1421 
id: 2638
1718 1422 
id: 2639
2977 1422 
id: 2640
3268 1422 
id: 2641
3375 1422 
id: 2642
4752 1422 
id: 2643
992 1423 
id: 2644
2902 1423 
id: 2645
2934 1422 
id: 2646
3655 1422 
id: 2647
4832 1423 
id: 2648
1429 1423 
id: 2649
2799 1424 2783 1441 
id: 2650
2993 1424 2992 1426 
id: 2651
3084 1424 
id: 2652
4934 1424 
id: 2653
2943 1425 
id: 2654
3067 1424 
id: 2655
4713 1425 
id: 2656
2958 1426 
id: 2657
3017 1426 
id: 2658
3199 1426 
id: 2659
2827 1427 
id: 2660
3120 1427 
id: 2661
3204 1427 
id: 2662
3249 1427 
id: 2663
3445 1427 
id: 2664
4902 1427 
id: 2665
846 1428 
id: 2666
1101 1428 
id: 2667
1302 1428 
id: 2668
1540 1428 
id: 2669
2964 1428 
id: 2670
3036 1428 
id: 2671
3164 1428 
id: 2672
2913 1430 
id: 2673
4778 1430 
id: 2674
1587 1431 
id: 2675
2886 1431 
id: 2676
3009 1431 
id: 2677
3022 1432 
id: 2678
1486 1433 
id: 2679
2991 1433 
id: 2680
3213 1433 
id: 2681
2753 1434 
id: 2682
2817 1433 
id: 2683
2843 1434 
id: 2684
2909 1434 
id: 2685
3099 1434 
id: 2686
1146 1434 
id: 2687
3043 1435 
id: 2688
3251 1434 
id: 2689
4076 1434 
id: 2690
1096 1435 
id: 2691
1364 1436 
id: 2692
2942 1436 
id: 2693
5023 1436 
id: 2694
3779 1437 
id: 2695
4142 1437 
id: 2696
5068 1437 
id: 2697
2979 1438 
id: 2698
3060 1437 
id: 2699
1024 1439 
id: 2700
2800 1439 
id: 2701
2913 1439 
id: 2702
3280 1438 
id: 2703
3313 1439 
id: 2704
2872 1440 
id: 2705
3142 1440 
id: 2706
4623 1441 
id: 2707
4807 1441 
id: 2708
1244 1442 
id: 2709
2840 1441 
id: 2710
2889 1442 
id: 2711
2898 1442 
id: 2712
3455 1442 
id: 2713
3575 1442 
id: 2714
4535 1442 
id: 2715
1472 1443 
id: 2716
2987 1443 
id: 2717
1599 1443 
id: 2718
2436 1444 
id: 2719
2903 1443 
id: 2720
2951 1443 
id: 2721
3180 1443 
id: 2722
4242 1444 
id: 2723
1319 1445 
id: 2724
1397 1445 
id: 2725
2809 1445 
id: 2726
3824 1445 
id: 2727
1180 1446 
id: 2728
1009 1447 
id: 2729
1568 1446 
id: 2730
2940 1447 
id: 2731
3014 1447 
id: 2732
3019 1447 
id: 2733
3100 1447 
id: 2734
3221 1447 
id: 2735
1349 1448 
id: 2736
1485 1448 
id: 2737
2673 1448 
id: 2738
2945 1448 
id: 2739
2989 1447 
id: 2740
3740 1448 
id: 2741
951 1449 
id: 2742
1127 1449 
id: 2743
2918 1449 
id: 2744
3307 1449 
id: 2745
4027 1448 
id: 2746
4438 1449 
id: 2747
4477 1449 
id: 2748
2965 1450 
id: 2749
3070 1450 
id: 2750
3365 1450 
id: 2751
1490 1451 
id: 2752
2816 1450 
id: 2753
2908 1451 
id: 2754
2994 1451 
id: 2755
3075 1451 
id: 2756
4727 1451 
id: 2757
3048 1451 
id: 2758
3160 1452 
id: 2759
3417 1452 
id: 2760
1580 1453 
id: 2761
2777 1453 
id: 2762
2863 1451 
id: 2763
3096 1453 
id: 2764
4321 1453 
id: 2765
921 1454 
id: 2766
1542 1454 
id: 2767
2889 1453 
id: 2768
1625 1455 1615 1457 1627 1458 
id: 2769
2919 1454 
id: 2770
2946 1455 
id: 2771
3534 1454 
id: 2772
4936 1455 
id: 2773
1443 1456 
id: 2774
4678 1455 
id: 2775
2736 1456 
id: 2776
2830 1457 
id: 2777
2893 1457 
id: 2778
2931 1457 
id: 2779
2970 1457 
id: 2780
3123 1457 
id: 2781
4116 1457 
id: 2782
4792 1457 
id: 2783
1089 1458 
id: 2784
1399 1458 
id: 2785
2997 1458 
id: 2786
2836 1459 
id: 2787
2965 1460 
id: 2788
3037 1460 
id: 2789
3233 1460 
id: 2790
1099 1461 
id: 2791
3335 1462 
id: 2792
3429 1462 
id: 2793
2756 1463 2768 1466 
id: 2794
2786 1463 
id: 2795
4384 1463 
id: 2796
958 1464 
id: 2797
2990 1463 
id: 2798
2994 1464 
id: 2799
3453 1464 
id: 2800
4672 1463 
id: 2801
1148 1465 
id: 2802
2875 1464 
id: 2803
2913 1465 
id: 2804
3145 1465 
id: 2805
3194 1465 
id: 2806
2954 1466 
id: 2807
3661 1466 
id: 2808
2948 1467 
id: 2809
2969 1467 
id: 2810
2986 1467 
id: 2811
1997 1467 
id: 2812
2851 1467 
id: 2813
3208 1467 
id: 2814
3260 1467 
id: 2815
929 1469 
id: 2816
1409 1469 
id: 2817
2928 1469 
id: 2818
3058 1468 
id: 2819
4048 1469 
id: 2820
4218 1467 
id: 2821
1328 1470 
id: 2822
2773 1470 
id: 2823
1229 1471 
id: 2824
3019 1471 
id: 2825
3357 1471 
id: 2826
3670 1471 
id: 2827
4851 1471 
id: 2828
4867 1471 
id: 2829
3024 1472 
id: 2830
3045 1471 
id: 2831
2748 1473 2735 1481 
id: 2832
2896 1473 
id: 2833
2908 1473 
id: 2834
2922 1473 
id: 2835
2955 1473 
id: 2836
3086 1473 
id: 2837
1372 1475 
id: 2838
1448 1475 
id: 2839
2952 1474 
id: 2840
3479 1474 
id: 2841
5022 1475 
id: 2842
1446 1476 
id: 2843
1603 1476 1620 1491 
id: 2844
2803 1476 
id: 2845
2822 1475 
id: 2846
1569 1477 
id: 2847
1667 1477 
id: 2848
2871 1477 
id: 2849
2924 1478 
id: 2850
3003 1478 
id: 2851
3099 1478 
id: 2852
2769 1479 
id: 2853
2986 1479 
id: 2854
3291 1479 
id: 2855
3584 1479 
id: 2856
4801 1479 
id: 2857
1524 1480 
id: 2858
1550 1479 
id: 2859
2960 1480 
id: 2860
3160 1479 
id: 2861
3027 1481 
id: 2862
3558 1481 
id: 2863
3847 1481 
id: 2864
4743 1481 
id: 2865
2840 1481 
id: 2866
3115 1482 
id: 2867
3955 1482 
id: 2868
2791 1482 2771 1501 2764 1506 
id: 2869
3252 1482 
id: 2870
3435 1483 
id: 2871
912 1484 
id: 2872
1272 1484 
id: 2873
3013 1484 
id: 2874
3045 1484 
id: 2875
4261 1484 
id: 2876
4573 1484 
id: 2877
1596 1485 
id: 2878
2689 1485 
id: 2879
2914 1485 
id: 2880
2954 1485 
id: 2881
2979 1485 
id: 2882
3346 1485 
id: 2883
3769 1485 
id: 2884
4993 1485 
id: 2885
1413 1487 
id: 2886
2970 1487 
id: 2887
4751 1487 
id: 2888
1511 1488 
id: 2889
2855 1488 
id: 2890
3191 1487 
id: 2891
3268 1488 
id: 2892
2764 1488 
id: 2893
2792 1489 
id: 2894
2892 1489 
id: 2895
2910 1489 
id: 2896
4696 1490 
id: 2897
2935 1491 
id: 2898
3008 1491 
id: 2899
3216 1492 
id: 2900
3828 1492 
id: 2901
4020 1492 
id: 2902
1539 1492 
id: 2903
3029 1493 
id: 2904
4087 1493 
id: 2905
4919 1492 
id: 2906
2993 1494 
id: 2907
2820 1495 
id: 2908
1547 1496 
id: 2909
2846 1496 
id: 2910
3086 1496 
id: 2911
4449 1496 
id: 2912
5610 1496 
id: 2913
2670 1497 2657 1553 
id: 2914
2917 1497 
id: 2915
2964 1497 
id: 2916
2946 1498 
id: 2917
2959 1498 
id: 2918
3069 1498 
id: 2919
4874 1498 
id: 2920
3320 1499 
id: 2921
4170 1499 
id: 2922
1560 1500 
id: 2923
1614 1500 
id: 2924
2930 1500 
id: 2925
3018 1500 
id: 2926
3159 1500 
id: 2927
3372 1500 
id: 2928
2900 1501 
id: 2929
2983 1501 
id: 2930
2989 1501 
id: 2931
3038 1501 
id: 2932
784 1502 
id: 2933
1431 1502 
id: 2934
3073 1502 
id: 2935
927 1503 
id: 2936
2879 1503 
id: 2937
893 1503 
id: 2938
1400 1504 
id: 2939
1453 1504 
id: 2940
2802 1503 
id: 2941
2951 1504 
id: 2942
3151 1504 
id: 2943
5368 1504 
id: 2944
1369 1505 
id: 2945
1622 1504 
id: 2946
2906 1505 
id: 2947
3216 1506 
id: 2948
3310 1504 
id: 2949
1238 1507 
id: 2950
3072 1507 
id: 2951
3446 1507 
id: 2952
3665 1507 
id: 2953
1614 1507 
id: 2954
4644 1508 
id: 2955
4805 1508 
id: 2956
1544 1509 
id: 2957
2962 1509 
id: 2958
2977 1509 
id: 2959
3523 1509 
id: 2960
4520 1509 
id: 2961
4711 1509 
id: 2962
1392 1510 
id: 2963
1433 1510 
id: 2964
2834 1510 
id: 2965
3026 1510 
id: 2966
3154 1509 
id: 2967
1283 1511 
id: 2968
2856 1511 
id: 2969
2938 1511 
id: 2970
2986 1511 
id: 2971
3094 1511 
id: 2972
3252 1510 
id: 2973
1633 1511 
id: 2974
4324 1512 
id: 2975
1518 1513 
id: 2976
3051 1512 
id: 2977
3574 1513 
id: 2978
2851 1514 
id: 2979
2886 1514 
id: 2980
3187 1514 
id: 2981
4397 1514 
id: 2982
883 1515 
id: 2983
2920 1515 
id: 2984
3003 1514 
id: 2985
5298 1515 5249 1569 
id: 2986
1244 1516 
id: 2987
2867 1516 
id: 2988
3405 1516 
id: 2989
897 1517 
id: 2990
2873 1517 
id: 2991
2939 1517 
id: 2992
3105 1517 
id: 2993
4093 1517 
id: 2994
5214 1516 5392 1651 5416 1656 5410 1657 
id: 2995
1498 1518 
id: 2996
2724 1518 
id: 2997
3203 1518 
id: 2998
3286 1517 
id: 2999
2904 1519 
id: 3000
2974 1520 
id: 3001
2933 1521 
id: 3002
3077 1520 
id: 3003
3128 1521 
id: 3004
1566 1522 
id: 3005
2747 1522 
id: 3006
2856 1522 
id: 3007
2952 1522 
id: 3008
3015 1522 
id: 3009
3065 1522 
id: 3010
3507 1522 
id: 3011
1391 1523 
id: 3012
1636 1523 
id: 3013
2948 1523 
id: 3014
4913 1523 4957 1609 4954 1610 4955 1615 4940 1620 
id: 3015
3001 1523 
id: 3016
3045 1524 
id: 3017
3163 1524 
id: 3018
3194 1524 
id: 3019
3395 1524 
id: 3020
4412 1524 4354 1611 
id: 3021
3346 1526 
id: 3022
2835 1527 
id: 3023
2873 1527 
id: 3024
2903 1527 
id: 3025
2985 1527 
id: 3026
3120 1527 
id: 3027
3985 1527 
id: 3028
2898 1528 
id: 3029
3173 1528 
id: 3030
4947 1528 
id: 3031
2914 1528 
id: 3032
3806 1528 
id: 3033
2766 1530 
id: 3034
2785 1530 2777 1532 
id: 3035
2885 1530 
id: 3036
2967 1530 
id: 3037
3013 1530 
id: 3038
3100 1529 
id: 3039
3240 1530 
id: 3040
3735 1530 
id: 3041
3941 1530 
id: 3042
552 1531 
id: 3043
2844 1531 
id: 3044
3070 1531 
id: 3045
4037 1531 
id: 3046
4996 1531 
id: 3047
2860 1532 
id: 3048
2917 1532 
id: 3049
2954 1531 
id: 3050
2792 1533 
id: 3051
3108 1533 
id: 3052
4780 1533 
id: 3053
2933 1533 
id: 3054
3020 1533 
id: 3055
2753 1535 
id: 3056
3047 1534 
id: 3057
1556 1536 
id: 3058
2878 1536 
id: 3059
3035 1536 
id: 3060
3480 1536 
id: 3061
771 1537 
id: 3062
1462 1537 
id: 3063
1568 1537 
id: 3064
2817 1537 
id: 3065
1439 1538 
id: 3066
1604 1538 
id: 3067
2835 1538 
id: 3068
3690 1538 
id: 3069
3842 1538 
id: 3070
1258 1539 
id: 3071
1622 1539 
id: 3072
2997 1538 
id: 3073
1650 1539 
id: 3074
3301 1539 
id: 3075
873 1540 
id: 3076
2626 1540 
id: 3077
2963 1541 
id: 3078
1237 1542 
id: 3079
4788 1542 
id: 3080
2829 1543 
id: 3081
2893 1542 
id: 3082
2947 1543 
id: 3083
3082 1543 
id: 3084
3327 1543 
id: 3085
914 1543 
id: 3086
1184 1544 
id: 3087
1706 1544 
id: 3088
3115 1544 
id: 3089
3899 1544 
id: 3090
4431 1544 
id: 3091
5025 1544 
id: 3092
3004 1545 
id: 3093
3052 1545 
id: 3094
3125 1545 
id: 3095
3132 1545 
id: 3096
2751 1546 
id: 3097
2767 1545 
id: 3098
2807 1545 
id: 3099
2865 1546 
id: 3100
2895 1545 
id: 3101
2905 1545 
id: 3102
3227 1546 
id: 3103
3279 1546 
id: 3104
2783 1547 
id: 3105
2918 1547 
id: 3106
2930 1547 
id: 3107
2988 1547 
id: 3108
3403 1547 
id: 3109
3629 1547 
id: 3110
2974 1548 
id: 3111
3169 1548 
id: 3112
3445 1548 
id: 3113
3567 1548 
id: 3114
1377 1549 
id: 3115
1486 1549 1515 1577 
id: 3116
2653 1548 2655 1549 
id: 3117
2816 1549 
id: 3118
3024 1549 
id: 3119
3203 1549 
id: 3120
2155 1550 
id: 3121
2994 1549 
id: 3122
3068 1550 
id: 3123
2727 1551 
id: 3124
2953 1551 
id: 3125
1059 1551 
id: 3126
1312 1551 
id: 3127
1963 1552 
id: 3128
2875 1552 
id: 3129
1555 1553 
id: 3130
4585 1553 
id: 3131
1052 1554 
id: 3132
1417 1554 
id: 3133
1523 1553 
id: 3134
1580 1554 
id: 3135
1651 1554 
id: 3136
2886 1554 
id: 3137
4250 1554 
id: 3138
4567 1554 4502 1588 
id: 3139
2676 1554 
id: 3140
2746 1555 
id: 3141
2900 1555 
id: 3142
3159 1556 
id: 3143
2933 1557 
id: 3144
2983 1557 
id: 3145
3013 1557 
id: 3146
2721 1558 2705 1612 
id: 3147
2762 1558 
id: 3148
2798 1558 
id: 3149
2951 1558 
id: 3150
3038 1558 
id: 3151
3077 1558 
id: 3152
3258 1557 
id: 3153
1305 1559 
id: 3154
2827 1558 
id: 3155
3001 1558 
id: 3156
3098 1559 
id: 3157
2554 1559 
id: 3158
2780 1560 
id: 3159
3240 1560 
id: 3160
3304 1560 
id: 3161
3542 1560 
id: 3162
2909 1561 
id: 3163
2924 1561 
id: 3164
1623 1562 
id: 3165
1657 1562 
id: 3166
2695 1562 
id: 3167
2787 1562 
id: 3168
2883 1562 2880 1580 
id: 3169
2978 1563 
id: 3170
2916 1563 
id: 3171
2964 1564 
id: 3172
3115 1564 
id: 3173
3123 1564 
id: 3174
3361 1564 
id: 3175
290 1565 
id: 3176
2946 1565 
id: 3177
2684 1566 
id: 3178
4123 1566 
id: 3179
1219 1567 
id: 3180
1674 1567 
id: 3181
1711 1567 1701 1568 1704 1572 1713 1580 1709 1582 
id: 3182
1802 1565 
id: 3183
3017 1567 
id: 3184
3192 1567 
id: 3185
1640 1568 
id: 3186
1684 1568 
id: 3187
3088 1568 
id: 3188
3106 1568 
id: 3189
3508 1568 
id: 3190
3770 1570 
id: 3191
1517 1571 1514 1587 
id: 3192
2652 1571 
id: 3193
3411 1571 
id: 3194
2742 1571 2737 1582 
id: 3195
3010 1572 
id: 3196
2955 1573 
id: 3197
2969 1573 
id: 3198
3051 1573 
id: 3199
3184 1573 
id: 3200
3333 1573 
id: 3201
2800 1574 
id: 3202
2997 1573 
id: 3203
3095 1574 
id: 3204
2782 1575 
id: 3205
2915 1575 
id: 3206
2944 1575 
id: 3207
1441 1576 
id: 3208
2695 1576 
id: 3209
2897 1575 2887 1587 2890 1588 
id: 3210
2933 1576 
id: 3211
3071 1576 
id: 3212
3282 1576 
id: 3213
3842 1576 
id: 3214
2919 1577 
id: 3215
3390 1576 
id: 3216
1125 1578 
id: 3217
1498 1578 
id: 3218
3026 1578 
id: 3219
2704 1579 
id: 3220
3123 1579 
id: 3221
1184 1580 
id: 3222
1652 1579 
id: 3223
1660 1580 
id: 3224
2681 1580 
id: 3225
2768 1580 
id: 3226
4666 1580 
id: 3227
1473 1581 
id: 3228
2981 1581 
id: 3229
3029 1581 
id: 3230
3031 1581 
id: 3231
3299 1580 
id: 3232
3677 1581 
id: 3233
1517 1581 
id: 3234
1566 1582 
id: 3235
2971 1582 
id: 3236
3240 1582 
id: 3237
4340 1582 
id: 3238
1320 1583 
id: 3239
1596 1583 
id: 3240
3008 1583 
id: 3241
3057 1582 
id: 3242
3563 1583 
id: 3243
4865 1583 
id: 3244
1618 1584 
id: 3245
2954 1584 
id: 3246
3089 1584 
id: 3247
3138 1584 
id: 3248
94 1585 
id: 3249
887 1585 
id: 3250
2656 1585 2649 1599 
id: 3251
2917 1585 
id: 3252
3730 1585 
id: 3253
1028 1586 
id: 3254
1696 1586 
id: 3255
5011 1586 
id: 3256
1345 1587 
id: 3257
1417 1587 1449 1644 
id: 3258
2679 1587 
id: 3259
2961 1587 
id: 3260
3190 1587 
id: 3261
1630 1588 
id: 3262
2781 1588 
id: 3263
1393 1589 
id: 3264
2997 1588 
id: 3265
3107 1589 
id: 3266
3595 1589 
id: 3267
5213 1588 
id: 3268
1633 1590 
id: 3269
3078 1589 
id: 3270
3313 1590 
id: 3271
3951 1590 
id: 3272
1010 1591 
id: 3273
2761 1591 
id: 3274
2794 1590 
id: 3275
3167 1591 
id: 3276
3261 1591 
id: 3277
4949 1591 
id: 3278
3019 1591 
id: 3279
3127 1592 
id: 3280
3028 1593 
id: 3281
3460 1593 
id: 3282
2775 1594 
id: 3283
2961 1594 
id: 3284
2971 1595 
id: 3285
3047 1595 
id: 3286
3430 1595 
id: 3287
1662 1597 
id: 3288
1682 1597 
id: 3289
1691 1597 
id: 3290
2694 1597 
id: 3291
3009 1596 
id: 3292
1492 1598 
id: 3293
2952 1597 2931 1604 
id: 3294
3274 1598 
id: 3295
3512 1598 
id: 3296
1239 1599 
id: 3297
3095 1599 
id: 3298
3184 1599 
id: 3299
3635 1599 
id: 3300
1204 1600 
id: 3301
2651 1599 
id: 3302
2790 1600 
id: 3303
2976 1600 
id: 3304
3220 1599 
id: 3305
3988 1600 
id: 3306
1519 1601 1554 1644 
id: 3307
4852 1601 
id: 3308
1549 1602 
id: 3309
2732 1602 
id: 3310
2846 1602 
id: 3311
1459 1602 1461 1638 1463 1639 1469 1649 
id: 3312
1561 1604 1621 1626 
id: 3313
2803 1604 
id: 3314
3137 1603 
id: 3315
3601 1604 
id: 3316
1325 1605 
id: 3317
2755 1604 
id: 3318
3371 1604 
id: 3319
867 1606 
id: 3320
896 1605 
id: 3321
1530 1606 1528 1646 1524 1648 1530 1650 1525 1653 1504 1654 1519 1654 1501 1655 1514 1655 
id: 3322
1538 1607 
id: 3323
1705 1607 
id: 3324
2714 1605 
id: 3325
3014 1607 
id: 3326
2954 1608 2938 1616 2957 1619 
id: 3327
3108 1607 
id: 3328
3804 1608 
id: 3329
1655 1609 
id: 3330
3099 1609 3131 1621 
id: 3331
3336 1609 
id: 3332
1127 1610 
id: 3333
1784 1609 
id: 3334
2979 1610 2992 1613 2983 1615 
id: 3335
3220 1610 
id: 3336
4356 1611 
id: 3337
4591 1611 
id: 3338
2677 1612 
id: 3339
2775 1612 
id: 3340
3408 1612 
id: 3341
3438 1613 
id: 3342
3476 1612 
id: 3343
1684 1614 
id: 3344
2728 1614 2736 1616 
id: 3345
4281 1613 
id: 3346
1661 1615 
id: 3347
4414 1615 
id: 3348
1600 1616 
id: 3349
2973 1616 2968 1618 2970 1622 2970 1637 
id: 3350
3217 1616 
id: 3351
3560 1615 
id: 3352
1261 1616 
id: 3353
3158 1617 
id: 3354
2058 1618 
id: 3355
2740 1618 
id: 3356
3849 1618 
id: 3357
982 1619 
id: 3358
1415 1620 
id: 3359
1562 1620 1553 1634 
id: 3360
2996 1619 2993 1622 
id: 3361
3170 1620 
id: 3362
3530 1620 
id: 3363
3968 1620 
id: 3364
4864 1621 
id: 3365
1206 1622 
id: 3366
1661 1621 
id: 3367
3191 1621 
id: 3368
3379 1621 
id: 3369
1099 1623 
id: 3370
1702 1623 
id: 3371
1734 1623 1763 1632 
id: 3372
3039 1623 
id: 3373
3351 1623 
id: 3374
2688 1623 
id: 3375
1332 1626 
id: 3376
1370 1626 
id: 3377
2761 1625 
id: 3378
3266 1624 
id: 3379
3574 1627 
id: 3380
3902 1626 
id: 3381
1727 1628 
id: 3382
1811 1628 
id: 3383
927 1628 
id: 3384
2716 1629 
id: 3385
3510 1629 
id: 3386
1039 1630 
id: 3387
2941 1630 
id: 3388
3012 1630 
id: 3389
3025 1631 
id: 3390
1783 1632 
id: 3391
2724 1632 2708 1636 2708 1650 2712 1652 2694 1655 2702 1656 2706 1666 2712 1668 2711 1675 
id: 3392
2953 1632 
id: 3393
1660 1633 
id: 3394
1628 1634 
id: 3395
1356 1634 
id: 3396
2781 1635 
id: 3397
3413 1635 
id: 3398
1665 1636 
id: 3399
2752 1636 
id: 3400
3451 1635 
id: 3401
3221 1638 
id: 3402
3346 1637 
id: 3403
3612 1638 
id: 3404
3666 1638 
id: 3405
901 1639 869 1667 
id: 3406
1555 1639 
id: 3407
1764 1640 
id: 3408
3308 1639 
id: 3409
4086 1640 
id: 3410
1437 1641 
id: 3411
2964 1641 
id: 3412
3067 1641 
id: 3413
3363 1641 
id: 3414
3735 1642 
id: 3415
1641 1643 
id: 3416
1585 1645 
id: 3417
3286 1645 
id: 3418
3470 1645 
id: 3419
1848 1646 
id: 3420
3135 1647 
id: 3421
1113 1648 
id: 3422
1296 1648 
id: 3423
1621 1648 
id: 3424
3053 1647 
id: 3425
3205 1648 
id: 3426
5219 1648 
id: 3427
2946 1649 2939 1658 2977 1672 
id: 3428
3062 1649 3055 1653 
id: 3429
3382 1649 
id: 3430
4196 1649 
id: 3431
1854 1648 
id: 3432
2449 1650 
id: 3433
2742 1650 
id: 3434
3004 1650 
id: 3435
1254 1651 
id: 3436
3012 1651 
id: 3437
918 1652 
id: 3438
1739 1652 
id: 3439
1794 1652 
id: 3440
3390 1652 
id: 3441
3215 1653 
id: 3442
3259 1653 
id: 3443
823 1654 890 1681 862 1735 816 1748 847 1754 856 1756 827 1763 
id: 3444
3018 1653 
id: 3445
1680 1655 
id: 3446
2758 1655 
id: 3447
3416 1655 
id: 3448
934 1656 
id: 3449
4613 1656 
id: 3450
2718 1656 
id: 3451
2894 1657 
id: 3452
5435 1657 
id: 3453
1825 1658 1840 1682 1846 1690 
id: 3454
1516 1659 
id: 3455
3089 1659 
id: 3456
3518 1659 
id: 3457
3643 1659 
id: 3458
3187 1660 
id: 3459
4254 1660 
id: 3460
1751 1661 
id: 3461
3990 1661 
id: 3462
1670 1662 
id: 3463
2241 1664 
id: 3464
3293 1664 
id: 3465
3343 1664 
id: 3466
2689 1665 2691 1670 2692 1679 2697 1684 
id: 3467
3175 1666 
id: 3468
1450 1666 
id: 3469
2580 1667 
id: 3470
894 1668 
id: 3471
1575 1668 
id: 3472
1680 1668 
id: 3473
3655 1668 
id: 3474
2940 1669 
id: 3475
3139 1668 
id: 3476
3560 1669 
id: 3477
1049 1669 
id: 3478
1622 1670 
id: 3479
2733 1670 2739 1677 
id: 3480
3010 1669 
id: 3481
3421 1670 
id: 3482
3473 1670 
id: 3483
2721 1671 
id: 3484
3377 1671 
id: 3485
3799 1671 
id: 3486
1207 1672 
id: 3487
1969 1672 1929 1673 1927 1675 1935 1676 1930 1688 1960 1688 
id: 3488
1975 1672 1950 1729 1959 1731 
id: 3489
3192 1672 
id: 3490
3456 1672 
id: 3491
2081 1673 
id: 3492
1370 1674 1414 1693 
id: 3493
1694 1674 
id: 3494
3241 1674 
id: 3495
4980 1674 
id: 3496
1535 1675 
id: 3497
3235 1674 
id: 3498
1273 1676 
id: 3499
874 1678 
id: 3500
946 1678 
id: 3501
1716 1678 
id: 3502
1769 1679 
id: 3503
3304 1680 
id: 3504
3337 1680 
id: 3505
3406 1680 
id: 3506
3879 1681 
id: 3507
2990 1682 2986 1688 
id: 3508
3043 1683 
id: 3509
3021 1684 
id: 3510
890 1683 905 1685 893 1700 
id: 3511
3025 1685 
id: 3512
4498 1685 
id: 3513
4743 1685 
id: 3514
5375 1685 
id: 3515
5251 1686 5382 1833 
id: 3516
3149 1687 3157 1705 
id: 3517
3242 1686 
id: 3518
3713 1687 
id: 3519
1113 1688 
id: 3520
1919 1689 1938 1755 
id: 3521
2916 1689 
id: 3522
1465 1691 1468 1695 1425 1733 
id: 3523
1605 1692 
id: 3524
1668 1692 
id: 3525
4111 1693 
id: 3526
2794 1695 
id: 3527
2905 1695 
id: 3528
1690 1696 
id: 3529
2722 1696 
id: 3530
3450 1696 
id: 3531
4401 1695 
id: 3532
4871 1695 
id: 3533
469 1697 
id: 3534
2995 1697 
id: 3535
455 1698 
id: 3536
1706 1698 
id: 3537
3177 1697 3167 1712 
id: 3538
1410 1698 
id: 3539
1748 1699 
id: 3540
2997 1699 
id: 3541
3213 1700 
id: 3542
1495 1700 
id: 3543
5277 1701 5347 1719 5350 1723 
id: 3544
1627 1702 1664 1765 1739 1773 1803 1832 1724 1937 1740 1967 1578 1979 1560 2000 1587 2024 1648 2025 
id: 3545
3436 1702 
id: 3546
2946 1703 
id: 3547
3257 1703 
id: 3548
3325 1703 
id: 3549
5161 1703 5149 1708 
id: 3550
1555 1704 
id: 3551
3029 1704 
id: 3552
3069 1703 
id: 3553
3377 1703 
id: 3554
877 1705 879 1714 852 1742 831 1751 824 1753 
id: 3555
1282 1706 
id: 3556
3502 1706 
id: 3557
925 1707 
id: 3558
2760 1706 2755 1707 2761 1710 2764 1716 
id: 3559
4027 1705 
id: 3560
886 1708 892 1714 
id: 3561
1341 1710 
id: 3562
3010 1709 
id: 3563
2919 1711 
id: 3564
2986 1711 
id: 3565
1271 1713 1294 1770 1275 1795 
id: 3566
2962 1712 
id: 3567
3280 1714 
id: 3568
1189 1715 
id: 3569
3056 1714 
id: 3570
4354 1715 
id: 3571
984 1716 
id: 3572
5539 1715 
id: 3573
1037 1717 
id: 3574
3047 1718 
id: 3575
3304 1718 
id: 3576
3076 1718 
id: 3577
3115 1719 
id: 3578
3176 1718 
id: 3579
1833 1721 
id: 3580
1942 1720 1932 1811 
id: 3581
3436 1721 
id: 3582
3403 1721 
id: 3583
1741 1723 
id: 3584
2891 1724 2886 1726 2885 1740 2881 1761 
id: 3585
723 1725 820 1775 829 1775 809 1788 824 1796 744 1807 779 1812 781 1818 739 1858 756 1859 727 1864 736 1876 
id: 3586
1170 1724 
id: 3587
1424 1726 
id: 3588
3132 1726 
id: 3589
5202 1727 
id: 3590
878 1727 855 1741 
id: 3591
3624 1729 
id: 3592
3164 1731 
id: 3593
1568 1733 1563 1781 1559 1805 1557 1809 1561 1843 1565 1844 1569 1845 1559 1866 1573 1868 1556 1874 1564 1884 1559 1886 1560 1902 
id: 3594
2784 1733 
id: 3595
3127 1733 3119 1737 3112 1738 3127 1742 
id: 3596
3415 1733 
id: 3597
2996 1734 
id: 3598
3068 1734 
id: 3599
1470 1735 
id: 3600
3157 1735 3145 1738 3151 1742 3148 1743 
id: 3601
3292 1735 
id: 3602
1023 1735 
id: 3603
3726 1736 
id: 3604
3349 1737 
id: 3605
1565 1738 1545 1797 
id: 3606
3591 1738 
id: 3607
1379 1739 
id: 3608
3261 1739 
id: 3609
3022 1741 
id: 3610
3661 1741 
id: 3611
911 1743 
id: 3612
1843 1742 
id: 3613
4215 1743 
id: 3614
0 1743 
id: 3615
3891 1744 
id: 3616
1868 1745 
id: 3617
1324 1746 
id: 3618
849 1747 843 1749 
id: 3619
3187 1748 
id: 3620
3279 1747 3288 1764 
id: 3621
4726 1747 
id: 3622
1231 1753 1260 1778 1245 1785 1245 1796 
id: 3623
1658 1752 1738 1766 
id: 3624
3171 1754 
id: 3625
1152 1755 
id: 3626
1267 1755 1250 1789 1268 1831 
id: 3627
3928 1754 
id: 3628
926 1756 
id: 3629
2671 1756 
id: 3630
3371 1756 
id: 3631
1145 1757 
id: 3632
2792 1757 
id: 3633
2879 1757 
id: 3634
3185 1757 3159 1760 3175 1761 3191 1773 3178 1774 
id: 3635
3360 1757 3328 1801 
id: 3636
3208 1762 3226 1763 3214 1788 3210 1794 
id: 3637
3434 1763 
id: 3638
3219 1764 
id: 3639
3247 1764 
id: 3640
4844 1763 
id: 3641
1559 1765 
id: 3642
3533 1766 
id: 3643
990 1768 
id: 3644
2701 1768 2702 1777 2701 1781 
id: 3645
808 1770 812 1771 793 1792 787 1803 788 1806 
id: 3646
3005 1770 
id: 3647
29 1773 44 1773 33 1775 39 1775 57 1781 71 1782 77 1782 93 1782 112 1787 140 1793 157 1798 168 1800 187 1809 214 1826 229 1826 235 1833 267 1833 159 1881 147 1895 
id: 3648
1920 1773 1933 1813 1931 1815 
id: 3649
5055 1773 
id: 3650
3253 1774 3263 1775 3245 1788 3249 1793 3278 1798 3235 1805 3267 1807 
id: 3651
1603 1777 
id: 3652
4096 1777 
id: 3653
1502 1778 
id: 3654
860 1780 
id: 3655
1092 1779 
id: 3656
2520 1780 
id: 3657
4381 1780 
id: 3658
761 1781 
id: 3659
1220 1783 
id: 3660
2900 1783 2888 1785 2928 1808 2930 1811 2931 1815 
id: 3661
3273 1782 
id: 3662
3135 1784 
id: 3663
3150 1784 3138 1811 3160 1827 3190 1856 
id: 3664
4591 1784 
id: 3665
4967 1785 
id: 3666
2329 1786 
id: 3667
5414 1787 
id: 3668
3846 1789 
id: 3669
2132 1792 
id: 3670
910 1792 
id: 3671
3364 1793 3363 1857 
id: 3672
3420 1793 
id: 3673
2968 1799 2936 1818 2935 1824 2975 1853 2990 1873 
id: 3674
3314 1798 
id: 3675
1869 1800 
id: 3676
2007 1800 2050 1876 
id: 3677
0 1802 
id: 3678
950 1802 
id: 3679
3542 1802 3565 1955 3700 1955 3730 1967 3726 1970 3697 2004 3633 2018 
id: 3680
1130 1803 
id: 3681
4428 1802 
id: 3682
778 1807 766 1822 762 1835 766 1841 
id: 3683
1864 1809 1834 1888 1804 1955 
id: 3684
3441 1814 
id: 3685
3108 1818 
id: 3686
1603 1819 
id: 3687
1333 1820 
id: 3688
1800 1820 
id: 3689
1000 1821 
id: 3690
1278 1823 
id: 3691
1431 1822 
id: 3692
3043 1826 
id: 3693
3270 1826 
id: 3694
3492 1826 3470 1901 
id: 3695
3234 1827 
id: 3696
4230 1827 
id: 3697
3387 1828 
id: 3698
3067 1829 
id: 3699
1173 1828 1236 2037 
id: 3700
1022 1832 
id: 3701
3754 1835 
id: 3702
1848 1837 1856 1867 1852 1870 1849 1879 1845 1881 1851 1883 
id: 3703
1078 1839 
id: 3704
5006 1839 
id: 3705
733 1840 763 1843 756 1844 749 1851 720 1853 720 1857 722 1857 724 1858 710 1866 719 1867 713 1869 715 1871 716 1877 
id: 3706
393 1841 
id: 3707
2119 1841 2115 1843 2099 1850 2090 1859 2082 1861 2052 1872 
id: 3708
1611 1843 
id: 3709
273 1843 263 1846 318 1846 307 1847 271 1848 315 1848 280 1849 297 1850 302 1853 304 1856 376 1864 326 1865 391 1879 340 1880 398 1880 402 1880 351 1881 400 1886 416 1915 412 1916 410 1946 
id: 3710
2973 1844 
id: 3711
893 1847 1080 1936 1044 2002 1040 2005 1038 2008 
id: 3712
4703 1847 
id: 3713
5246 1847 
id: 3714
3032 1849 
id: 3715
5397 1848 
id: 3716
623 1851 736 1881 727 1884 725 1887 708 1900 695 1909 725 1912 714 1921 715 1925 676 1929 525 1979 
id: 3717
1661 1852 
id: 3718
1381 1853 
id: 3719
1123 1858 
id: 3720
2132 1857 2146 1891 2167 1946 2188 1973 2215 1981 2228 1981 
id: 3721
2512 1859 
id: 3722
2505 1860 
id: 3723
3028 1859 2998 1883 3026 1910 3006 1930 3040 1932 3013 1935 3016 1937 3060 1938 3028 1940 3068 1955 3047 1959 3061 1960 3073 1963 3077 1963 3080 1977 3093 1983 
id: 3724
3201 1860 
id: 3725
5163 1863 
id: 3726
1458 1864 
id: 3727
2192 1864 2134 1909 2224 1999 
id: 3728
4035 1866 
id: 3729
5218 1869 
id: 3730
1298 1871 
id: 3731
4861 1870 5597 1961 
id: 3732
703 1874 706 1893 730 1903 721 1905 716 1907 
id: 3733
3342 1874 3328 1896 
id: 3734
4364 1873 4100 1994 4107 2001 4103 2002 4092 2015 
id: 3735
1649 1875 
id: 3736
1194 1880 
id: 3737
2039 1881 2013 1919 2002 1948 2009 1950 2005 1951 2017 1953 1980 1977 1970 1992 1991 2005 1972 2011 1966 2023 1968 2031 1973 2039 1977 2040 1978 2046 
id: 3738
3119 1882 
id: 3739
3098 1885 
id: 3740
3926 1889 4102 1992 4029 2016 4015 2043 
id: 3741
796 1890 
id: 3742
319 1892 220 1972 
id: 3743
3249 1895 
id: 3744
3896 1895 
id: 3745
1136 1899 1229 2018 
id: 3746
1625 1899 
id: 3747
3523 1905 
id: 3748
1186 1909 
id: 3749
2371 1910 2442 1919 2469 1924 
id: 3750
1599 1913 
id: 3751
2579 1913 
id: 3752
3833 1917 3853 1973 
id: 3753
1751 1920 
id: 3754
1943 1922 1988 2012 2012 2013 2015 2013 2014 2022 2022 2035 2007 2041 
id: 3755
281 1921 278 1922 283 1922 287 1923 275 1924 280 1924 289 1924 291 1926 294 1927 292 1930 297 1930 209 1933 214 1999 215 2001 59 2004 217 2006 151 2012 68 2018 257 2018 
id: 3756
1057 1925 1065 1931 1075 1931 1063 1935 1101 1958 
id: 3757
5613 1926 
id: 3758
437 1942 
id: 3759
642 1942 
id: 3760
3057 1944 3097 1970 
id: 3761
10 1947 64 2011 39 2023 
id: 3762
1255 1950 
id: 3763
2757 1950 
id: 3764
3194 1952 3106 1985 3130 1989 3098 1990 3115 1992 3125 1992 3110 1993 3105 1994 3145 1998 3167 1998 3154 2004 3177 2005 3181 2016 3193 2019 3214 2019 
id: 3765
498 1957 550 1958 496 1961 559 1962 500 1966 517 1968 495 1969 
id: 3766
1216 1958 
id: 3767
1187 1971 
id: 3768
994 1985 1068 2025 
id: 3769
209 1990 
id: 3770
1793 1994 1780 2004 1792 2004 1771 2007 1500 2014 1795 2020 1702 2024 1472 2038 1588 2038 1805 2042 1609 2044 1748 2045 1539 2047 
id: 3771
1673 2009 
id: 3772
1280 2013 
